              #1               2               3               4               5               6               7               8               9              10              11              12              13              14              15              16              17              18              19              20              21              22              23              24              25              26              27              28              29              30              31              32              33              34              35              36              37              38              39              40
            #id0             id1            time              m0              m1               x               y               z              vx              vy              vz              x0              y0              z0             vx0             vy0             vz0              x1              y1              z1             vx1             vy1             vz1              xs              ys              zs             vxs             vys             vzs
               9              10  0.44439224E+06  0.27146140E-06  0.15513806E-06  0.18197431E+01 -0.28360929E+01  0.00000000E+00  0.50012012E+00  0.34076505E+00  0.00000000E+00  0.18197718E+01 -0.28360744E+01  0.00000000E+00  0.38816264E+00  0.22881765E+00  0.00000000E+00  0.13894105E-03
               7               8  0.56576663E+06  0.12718970E-05  0.53532647E-06 -0.19473725E+00 -0.38584814E+01  0.00000000E+00  0.55652813E+00 -0.80125970E-01  0.00000000E+00 -0.19470529E+00 -0.38585270E+01  0.00000000E+00  0.38887659E+00  0.11248811E+00  0.00000000E+00  0.15975721E-03
               1               7  0.59674850E+06  0.16498464E-03  0.18072235E-05 -0.55775886E+01  0.29074445E+01  0.00000000E+00 -0.18262213E+00 -0.34569527E+00  0.00000000E+00 -0.55771347E+01  0.29078028E+01  0.00000000E+00 -0.25385078E+00 -0.11022197E+01  0.00000000E+00  0.16679186E-03
               1               9  0.63752130E+06  0.17362653E-03  0.42659946E-06 -0.42958003E+01 -0.43523215E+01  0.00000000E+00  0.29456794E+00 -0.27578202E+00  0.00000000E+00 -0.42954480E+01 -0.43527840E+01  0.00000000E+00 -0.47841382E+00 -0.19658124E+00  0.00000000E+00  0.17405313E-03
               5               6  0.16158709E+07  0.20832059E-04  0.40863207E-05 -0.37519998E+01  0.14426622E+01  0.00000000E+00 -0.27100826E+00 -0.46084700E+00  0.00000000E+00 -0.37520959E+01  0.14427398E+01  0.00000000E+00  0.34856736E+00 -0.60589694E+00  0.00000000E+00  0.32114208E-03
               1               5  0.17070594E+07  0.33335744E-03  0.24918379E-04 -0.11401748E+01 -0.57499626E+01  0.00000000E+00  0.45482059E+00 -0.42877610E-01  0.00000000E+00 -0.11394103E+01 -0.57501889E+01  0.00000000E+00 -0.31481823E+00 -0.59372958E+00  0.00000000E+00  0.35827582E-03
               1               4  0.17078069E+07  0.35837343E-03  0.10324530E-06 -0.77614420E+01  0.35530550E+01  0.00000000E+00 -0.69576859E-01 -0.31114182E+00  0.00000000E+00 -0.77610274E+01  0.35536645E+01  0.00000000E+00 -0.94412116E+00 -0.77187445E+00  0.00000000E+00  0.35847667E-03
               1               3  0.19993598E+07  0.39545419E-03  0.53069449E-06  0.11023458E+01 -0.58163488E+01  0.00000000E+00  0.44185969E+00  0.96759392E-01  0.00000000E+00  0.11018625E+01 -0.58169270E+01  0.00000000E+00  0.27503715E+00  0.11211658E+01  0.00000000E+00  0.39598488E-03
