              #1               2               3               4               5               6               7               8               9              10              11              12              13              14              15              16              17              18              19              20              21              22              23              24              25              26              27              28              29              30              31              32              33              34              35              36              37              38              39              40
            #id0             id1            time              m0              m1               x               y               z              vx              vy              vz              x0              y0              z0             vx0             vy0             vz0              x1              y1              z1             vx1             vy1             vz1              xs              ys              zs             vxs             vys             vzs
               7               8  0.47424296E+06  0.12718970E-05  0.53532647E-06  0.37079256E+01 -0.74694506E+00  0.00000000E+00  0.15530237E+00  0.45921231E+00  0.00000000E+00  0.37079161E+01 -0.74699953E+00  0.00000000E+00 -0.49640156E-01  0.61222998E+00  0.00000000E+00  0.14411633E-03
               7              10  0.85520269E+06  0.18072235E-05  0.15513806E-06  0.25246546E+01 -0.20469584E+01  0.00000000E+00  0.34277550E+00  0.45635303E+00  0.00000000E+00  0.25246861E+01 -0.20469204E+01  0.00000000E+00  0.26621499E+00  0.18437401E+00  0.00000000E+00  0.20725381E-03
               1               9  0.86367587E+06  0.20859962E-03  0.27146140E-06 -0.61148168E+01  0.11924523E+01  0.00000000E+00 -0.77986992E-01 -0.39336144E+00  0.00000000E+00 -0.61153542E+01  0.11921660E+01  0.00000000E+00  0.72622413E+00 -0.18888743E+00  0.00000000E+00  0.20887109E-03
               6               7  0.11463117E+07  0.40863207E-05  0.19623616E-05  0.12525623E+01  0.33770140E+01  0.00000000E+00 -0.45428460E+00  0.30276797E+00  0.00000000E+00  0.12525609E+01  0.33770975E+01  0.00000000E+00 -0.59144983E+00 -0.54211354E-01  0.00000000E+00  0.25237093E-03
               1               6  0.11781191E+07  0.25710289E-03  0.60486823E-05  0.14109562E+01  0.60043037E+01  0.00000000E+00 -0.37105642E+00  0.97795408E-01  0.00000000E+00  0.14116396E+01  0.60045153E+01  0.00000000E+00 -0.12276815E+01  0.54689446E-01  0.00000000E+00  0.26315157E-03
               3               4  0.20406807E+07  0.53069449E-06  0.10324530E-06 -0.81624056E+01 -0.26152477E+01  0.00000000E+00  0.12845598E+00 -0.30430397E+00  0.00000000E+00 -0.81623849E+01 -0.26152180E+01  0.00000000E+00  0.40431524E-01 -0.47011213E+00  0.00000000E+00  0.38017999E-03
               2               3  0.73058476E+07  0.87742026E-05  0.63393980E-06 -0.12345298E+01  0.66296860E+01  0.00000000E+00 -0.36296079E+00 -0.98582300E-01  0.00000000E+00 -0.12345401E+01  0.66296020E+01  0.00000000E+00 -0.64111532E+00  0.28345068E+00  0.00000000E+00  0.78473296E-03
               1               2  0.73248315E+07  0.78557641E-03  0.94081424E-05 -0.44149607E+01 -0.26757524E+01  0.00000000E+00  0.21802257E+00 -0.36596745E+00  0.00000000E+00 -0.44152650E+01 -0.26748039E+01  0.00000000E+00  0.10519510E+01 -0.13136293E+01  0.00000000E+00  0.79498455E-03
