              #1               2               3               4               5               6               7               8               9              10              11              12              13              14              15              16              17              18              19              20              21              22              23              24              25              26              27              28              29              30              31              32              33              34              35              36              37              38              39              40
            #id0             id1            time              m0              m1               x               y               z              vx              vy              vz              x0              y0              z0             vx0             vy0             vz0              x1              y1              z1             vx1             vy1             vz1              xs              ys              zs             vxs             vys             vzs
               1               9  0.77496112E+06  0.19437553E-03  0.27146140E-06  0.62242208E+01  0.55192893E+00  0.00000000E+00 -0.35961226E-01  0.39925381E+00  0.00000000E+00  0.62238294E+01  0.55237030E+00  0.00000000E+00  0.73524557E+00  0.14696503E+00  0.00000000E+00  0.19464700E-03
               7               8  0.82040685E+06  0.12718970E-05  0.53532647E-06 -0.25691588E+00 -0.35759511E+01  0.00000000E+00  0.59582680E+00 -0.78448545E-01  0.00000000E+00 -0.25692359E+00 -0.35760057E+01  0.00000000E+00  0.36225059E+00  0.29002355E-01  0.00000000E+00  0.20196068E-03
               2               7  0.88091058E+06  0.87742026E-05  0.18072235E-05 -0.25833904E+01  0.74238236E+01  0.00000000E+00 -0.35356833E+00 -0.49220181E-01  0.00000000E+00 -0.25833487E+01  0.74239105E+01  0.00000000E+00 -0.17826316E+00 -0.49041611E+00  0.00000000E+00  0.21158846E-03
               1               4  0.12221299E+07  0.26358528E-03  0.10324530E-06 -0.60946104E+01  0.42792172E+00  0.00000000E+00 -0.26825389E-01 -0.40485327E+00  0.00000000E+00 -0.60940119E+01  0.42762841E+00  0.00000000E+00 -0.94109544E+00 -0.20092172E+00  0.00000000E+00  0.26368852E-03
               2               3  0.14982295E+07  0.10581426E-04  0.53069449E-06 -0.11660791E+02  0.75522669E+00  0.00000000E+00  0.35211730E-02 -0.23988748E+00  0.00000000E+00 -0.11660705E+02  0.75524447E+00  0.00000000E+00 -0.30857553E+00 -0.63663725E+00  0.00000000E+00  0.30307741E-03
               1               2  0.15060733E+07  0.30416283E-03  0.11112121E-04  0.24328981E+00 -0.61433997E+01  0.00000000E+00  0.42597131E+00 -0.39592536E-02  0.00000000E+00  0.24300166E+00 -0.61441047E+01  0.00000000E+00 -0.22524909E+00  0.63502936E+00  0.00000000E+00  0.31527495E-03
               5               6  0.15604715E+07  0.20832059E-04  0.40863207E-05  0.42956745E+01 -0.15314736E+01  0.00000000E+00  0.22573727E+00  0.51530534E+00  0.00000000E+00  0.42957834E+01 -0.15314219E+01  0.00000000E+00  0.15113914E-01 -0.91449402E-01  0.00000000E+00  0.32270135E-03
               1               5  0.19958790E+07  0.37930645E-03  0.24918379E-04  0.66836352E+01 -0.10295798E+01  0.00000000E+00  0.12389976E+00  0.35101303E+00  0.00000000E+00  0.66842756E+01 -0.10300669E+01  0.00000000E+00 -0.78049716E+00  0.80706104E+00  0.00000000E+00  0.40422483E-03
