5.999999999999999778e-02 5.692380991230828026e-04 1.450017122778772105e+01 0.000000000000000000e+00 1.000000000000000000e+00 0.000000000000000000e+00 5.610625781250000000e+04
1.199999999999999956e-01 4.507844501256504620e-03 1.433255818304071205e+01 0.000000000000000000e+00 1.000000000000000000e+00 0.000000000000000000e+00 6.010542578125000000e+04
1.799999999999999933e-01 1.519330329574340895e-02 1.432579538807347497e+01 0.000000000000000000e+00 1.000000000000000000e+00 0.000000000000000000e+00 6.019792187500000000e+04
2.399999999999999911e-01 3.593024899053896826e-02 1.427651602887124760e+01 0.000000000000000000e+00 1.000000000000000000e+00 0.000000000000000000e+00 6.024841015625000000e+04
2.999999999999999889e-01 6.988020370966355199e-02 1.417713697329784850e+01 0.000000000000000000e+00 1.000000000000000000e+00 0.000000000000000000e+00 6.164529296875000000e+04
3.599999999999999867e-01 1.201249001479284401e-01 1.406462008218820081e+01 0.000000000000000000e+00 1.000000000000000000e+00 0.000000000000000000e+00 6.318727343750000000e+04
4.199999999999999845e-01 1.896416507097435367e-01 1.394327887399750487e+01 0.000000000000000000e+00 1.000000000000000000e+00 0.000000000000000000e+00 6.482620703125000000e+04
4.799999999999999822e-01 2.813120460234889708e-01 1.381724856992460637e+01 0.000000000000000000e+00 1.000000000000000000e+00 0.000000000000000000e+00 6.605685937500000000e+04
5.400000000000000355e-01 3.977270388449366534e-01 1.366558893396728713e+01 0.000000000000000000e+00 1.000000000000000000e+00 0.000000000000000000e+00 6.807428906250000000e+04
5.999999999999999778e-01 5.414728476814579805e-01 1.351154683692203307e+01 1.116175917559303343e-05 9.999888539314270020e-01 0.000000000000000000e+00 6.971692968750000000e+04
6.599999999999999201e-01 7.148387370248215911e-01 1.334181237820918753e+01 7.379486305580940098e-06 9.999926090240478516e-01 0.000000000000000000e+00 7.165835937500000000e+04
7.199999999999999734e-01 9.197629432386269510e-01 1.314867302605359711e+01 3.131803850919823162e-06 9.999969005584716797e-01 0.000000000000000000e+00 7.420080468750000000e+04
7.800000000000000266e-01 1.157591700552369263e+00 1.291726873564536326e+01 2.822801616275683045e-05 9.999717473983764648e-01 0.000000000000000000e+00 7.736003906250000000e+04
8.399999999999999689e-01 1.429685468811509930e+00 1.267098684196427172e+01 7.060557436489034444e-06 9.999929666519165039e-01 0.000000000000000000e+00 8.098338281250000000e+04
8.999999999999999112e-01 1.736961914599694623e+00 1.240449483234409911e+01 1.462030922994017601e-05 9.999853372573852539e-01 0.000000000000000000e+00 8.502485937500000000e+04
9.599999999999999645e-01 2.080100421621340789e+00 1.212309095717305496e+01 2.707067324081435800e-05 9.999729990959167480e-01 0.000000000000000000e+00 8.938867968750000000e+04
1.020000000000000018e+00 2.459103551402152643e+00 1.181680069845749514e+01 3.465795089141465724e-05 9.999654293060302734e-01 0.000000000000000000e+00 9.465389062500000000e+04
1.080000000000000071e+00 2.872898634559007736e+00 1.146961883801414395e+01 5.183518442208878696e-05 9.999481439590454102e-01 0.000000000000000000e+00 1.012077968750000000e+05
1.139999999999999902e+00 3.319054478254777063e+00 1.106611841318363076e+01 9.127680095843970776e-05 9.999087452888488770e-01 0.000000000000000000e+00 1.097090703125000000e+05
1.199999999999999956e+00 3.793889011266622813e+00 1.060073120768841370e+01 8.298089960590004921e-05 9.999170303344726562e-01 0.000000000000000000e+00 1.209431171875000000e+05
1.260000000000000009e+00 4.289628186047438341e+00 1.001422451549847104e+01 8.835113840177655220e-04 9.991164803504943848e-01 0.000000000000000000e+00 1.370816093750000000e+05
1.319999999999999840e+00 4.786745797095176336e+00 9.129812506355440505e+00 2.756034135818481445e-01 7.243983745574951172e-01 0.000000000000000000e+00 1.270373515625000000e+05
1.379999999999999893e+00 5.296377650489302980e+00 8.546296618121481004e+00 7.446215748786926270e-01 2.553797364234924316e-01 0.000000000000000000e+00 7.933778125000000000e+04
1.439999999999999947e+00 5.837892905810694089e+00 8.324676361559955495e+00 9.685689806938171387e-01 3.143079578876495361e-02 0.000000000000000000e+00 5.228307031250000000e+04
1.500000000000000000e+00 6.417321669016979868e+00 8.195312305005272080e+00 9.829221367835998535e-01 1.707781851291656494e-02 0.000000000000000000e+00 5.226373828125000000e+04
1.560000000000000053e+00 7.035002610399523348e+00 8.064660749097438242e+00 9.855008721351623535e-01 1.449909433722496033e-02 0.000000000000000000e+00 5.394458984375000000e+04
1.619999999999999885e+00 7.691471942672470696e+00 7.936501043688219958e+00 9.875020980834960938e-01 1.249792892485857010e-02 0.000000000000000000e+00 5.567390625000000000e+04
1.679999999999999938e+00 8.386291339996811089e+00 7.800395251779373318e+00 9.897379875183105469e-01 1.026190165430307388e-02 0.000000000000000000e+00 5.755134375000000000e+04
1.739999999999999991e+00 9.118971977883933988e+00 7.658405479620600254e+00 9.909957051277160645e-01 9.004230611026287079e-03 0.000000000000000000e+00 5.986400390625000000e+04
1.799999999999999822e+00 9.888148136212375761e+00 7.504091369895003361e+00 9.925031065940856934e-01 7.496858946979045868e-03 0.000000000000000000e+00 6.255119531250000000e+04
1.859999999999999876e+00 1.069261510504781754e+01 7.342222668912064876e+00 9.938041567802429199e-01 6.195798981934785843e-03 0.000000000000000000e+00 6.573725000000000000e+04
1.919999999999999929e+00 1.152985258705183647e+01 7.163891492660962257e+00 9.949546456336975098e-01 5.045000463724136353e-03 3.781683801662438782e-07 6.942450000000000000e+04
1.979999999999999982e+00 1.239674003402924818e+01 6.968184576657871609e+00 9.960623979568481445e-01 3.937604837119579315e-03 0.000000000000000000e+00 7.381099218750000000e+04
2.040000000000000036e+00 1.328802430565844439e+01 6.742986609647813268e+00 9.969673156738281250e-01 3.032675478607416153e-03 0.000000000000000000e+00 7.929137500000000000e+04
2.100000000000000089e+00 1.419446231940077219e+01 6.465876887624621538e+00 9.977616071701049805e-01 2.238467335700988770e-03 0.000000000000000000e+00 8.655903906250000000e+04
2.160000000000000142e+00 1.509109231220918623e+01 6.040678968624943579e+00 9.983539581298828125e-01 1.646029297262430191e-03 0.000000000000000000e+00 9.817224218750000000e+04
2.219999999999999751e+00 1.594169839686511381e+01 5.420926360768530294e+00 9.343463182449340820e-01 1.292539760470390320e-03 6.436102837324142456e-02 1.026955000000000000e+05
2.279999999999999805e+00 1.674193055382390583e+01 4.831540729003063639e+00 8.123554587364196777e-01 9.294754709117114544e-04 1.867149770259857178e-01 9.679848437500000000e+04
2.339999999999999858e+00 1.749663183533962041e+01 4.323018847482164695e+00 6.804324984550476074e-01 5.962238647043704987e-04 3.189712762832641602e-01 9.006637500000000000e+04
2.399999999999999911e+00 1.820985067179955408e+01 3.881175975548327273e+00 5.361591577529907227e-01 3.402431902941316366e-04 4.635005593299865723e-01 8.168577343750000000e+04
2.459999999999999964e+00 1.888733323623473126e+01 3.506904414208601217e+00 3.714060783386230469e-01 1.737290149321779609e-04 6.284204721450805664e-01 6.895350000000000000e+04
2.520000000000000018e+00 1.953727525211418481e+01 3.204168322537634062e+00 1.853705346584320068e-01 7.391014514723792672e-05 8.145560026168823242e-01 4.974773046875000000e+04
2.580000000000000071e+00 2.018388490601817864e+01 3.039500396138243854e+00 2.686051651835441589e-02 2.560557550168596208e-05 9.731139540672302246e-01 2.707841601562500000e+04
2.639999999999999680e+00 2.085575992475391160e+01 3.014732414097161861e+00 6.197565235197544098e-04 4.173768684267997742e-05 9.993385076522827148e-01 2.154635156250000000e+04
2.699999999999999734e+00 2.155479321482831523e+01 2.997212100282789837e+00 5.481531261466443539e-04 1.367120034956315067e-06 9.994505047798156738e-01 2.133534960937500000e+04
2.759999999999999787e+00 2.228116902312599734e+01 2.979058375725305741e+00 3.840457065962255001e-04 1.314221663051284850e-05 9.996026754379272461e-01 2.117231250000000000e+04
2.819999999999999840e+00 2.303513532973063604e+01 2.960650969431605883e+00 4.329161311034113169e-04 0.000000000000000000e+00 9.995670914649963379e-01 2.106150000000000000e+04
2.879999999999999893e+00 2.381708691454426585e+01 2.942622294697944785e+00 5.819689249619841576e-04 1.342363157164072618e-05 9.994046688079833984e-01 2.096450976562500000e+04
2.939999999999999947e+00 2.462728194276468230e+01 2.924479809409141318e+00 5.248316447250545025e-04 1.176969476546219084e-06 9.994739890098571777e-01 2.086389453125000000e+04
3.000000000000000000e+00 2.546603218866334117e+01 2.906467082886549758e+00 5.925031146034598351e-04 3.031732376257423311e-06 9.994044899940490723e-01 2.078583007812500000e+04
3.060000000000000053e+00 2.633351110412366936e+01 2.888151008759292981e+00 4.926756373606622219e-04 1.465664581701275893e-06 9.995058774948120117e-01 2.066641210937500000e+04
3.120000000000000107e+00 2.723007766867654311e+01 2.870201266288476383e+00 3.722592082340270281e-04 0.000000000000000000e+00 9.996277689933776855e-01 2.055032812500000000e+04
3.179999999999999716e+00 2.815616130380971427e+01 2.852833258431063612e+00 3.986513474956154823e-04 9.978424714063294232e-06 9.995912909507751465e-01 2.046177929687500000e+04
3.239999999999999769e+00 2.911177213364858574e+01 2.834776155045136914e+00 4.604062705766409636e-04 4.338300186645938084e-06 9.995352625846862793e-01 2.039407421875000000e+04
3.299999999999999822e+00 3.009755566267069327e+01 2.817956500205138770e+00 5.416492349468171597e-04 2.194937223976012319e-05 9.994363784790039062e-01 2.031543554687500000e+04
3.359999999999999876e+00 3.111329531997659714e+01 2.799900574018721500e+00 2.686411025933921337e-04 2.819478140736464411e-06 9.997285604476928711e-01 2.019459570312500000e+04
3.419999999999999929e+00 3.215965136931098556e+01 2.783102317870603137e+00 4.392330592963844538e-04 3.037764031432743650e-07 9.995605349540710449e-01 2.012888671875000000e+04
3.479999999999999982e+00 3.323665387810653726e+01 2.765846002426500583e+00 2.524505835026502609e-04 2.951323381239490118e-07 9.997472167015075684e-01 2.000854492187500000e+04
3.540000000000000036e+00 3.434474757601652328e+01 2.749236453903681987e+00 2.945630694739520550e-04 1.147405782830901444e-06 9.997043013572692871e-01 1.992005859375000000e+04
3.599999999999999645e+00 3.548409383916032311e+01 2.732558664111423674e+00 3.778135869652032852e-04 3.350545057401177473e-06 9.996188879013061523e-01 1.985543750000000000e+04
3.659999999999999698e+00 3.665477731986360510e+01 2.715668592562226369e+00 5.449090385809540749e-04 1.169298320746747777e-05 9.994435310363769531e-01 1.979129687500000000e+04
3.719999999999999751e+00 3.785697232385169286e+01 2.698814500626835144e+00 4.812651022803038359e-04 4.499979695538058877e-06 9.995142817497253418e-01 1.970050781250000000e+04
3.779999999999999805e+00 3.909104124602306740e+01 2.682427743655178443e+00 4.902132204733788967e-04 4.643859483621781692e-06 9.995052218437194824e-01 1.962227343750000000e+04
3.839999999999999858e+00 4.035683929918671708e+01 2.665421605432158447e+00 3.514744748827069998e-04 8.294149665744043887e-06 9.996401667594909668e-01 1.952147070312500000e+04
3.899999999999999911e+00 4.165422462360957212e+01 2.647882862642705337e+00 2.536335377953946590e-04 4.657396402762969956e-06 9.997417330741882324e-01 1.942746289062500000e+04
3.959999999999999964e+00 4.298331468354180629e+01 2.630396940163818087e+00 1.853735157055780292e-04 1.676439751463476568e-06 9.998129606246948242e-01 1.933126562500000000e+04
4.019999999999999574e+00 4.434430232527573423e+01 2.613127639119596779e+00 2.739960327744483948e-04 1.332230294792680070e-05 9.997126460075378418e-01 1.925752734375000000e+04
4.080000000000000071e+00 4.573680331995568338e+01 2.595003461756293373e+00 2.138738345820456743e-04 4.572781904244038742e-07 9.997856616973876953e-01 1.915881054687500000e+04
4.139999999999999680e+00 4.716093061866748570e+01 2.577020490600195224e+00 5.119444685988128185e-04 2.458078370182192884e-06 9.994856119155883789e-01 1.911395703125000000e+04
4.200000000000000178e+00 4.861642660511171243e+01 2.558537735669428326e+00 4.392674018163233995e-04 5.034325113228987902e-06 9.995557665824890137e-01 1.900969921875000000e+04
4.259999999999999787e+00 5.010340545014832969e+01 2.540254273832593501e+00 5.193391698412597179e-04 1.928763822434120812e-06 9.994786977767944336e-01 1.891496679687500000e+04
4.320000000000000284e+00 5.162159697380423040e+01 2.521536829030864180e+00 4.261089197825640440e-04 4.187327817817276809e-07 9.995735287666320801e-01 1.880222851562500000e+04
4.379999999999999893e+00 5.317057901224781347e+01 2.502196427179184113e+00 3.842497826553881168e-04 4.104092568013584241e-07 9.996153712272644043e-01 1.871252734375000000e+04
4.439999999999999503e+00 5.475095998882261483e+01 2.483924162915033929e+00 2.849883167073130608e-04 4.840272595174610615e-06 9.997102022171020508e-01 1.860622851562500000e+04
4.500000000000000000e+00 5.636253046830793778e+01 2.465404325537209562e+00 4.734927206300199032e-04 1.779649778654857073e-06 9.995247721672058105e-01 1.852251562500000000e+04
4.559999999999999609e+00 5.800516286232821273e+01 2.446797607678261599e+00 3.363161813467741013e-04 3.678508846860495396e-06 9.996600747108459473e-01 1.841252929687500000e+04
4.620000000000000107e+00 5.967870506504755923e+01 2.428094194314635246e+00 2.737558970693498850e-04 3.989807282778201625e-06 9.997223019599914551e-01 1.831400390625000000e+04
4.679999999999999716e+00 6.138313695019258631e+01 2.409506685986402719e+00 2.728178224060684443e-04 1.871016820587101392e-06 9.997253417968750000e-01 1.821984179687500000e+04
4.740000000000000213e+00 6.311875882615778721e+01 2.391486012843686559e+00 3.687916614580899477e-04 1.100030658562900499e-06 9.996300935745239258e-01 1.813460546875000000e+04
4.799999999999999822e+00 6.488443788869469131e+01 2.372082010595873314e+00 2.259057073388248682e-04 5.041754775447770953e-06 9.997690320014953613e-01 1.802365234375000000e+04
4.859999999999999432e+00 6.668070425164673054e+01 2.353592698295287278e+00 3.932737745344638824e-04 2.661878625076496974e-06 9.996040463447570801e-01 1.794881054687500000e+04
4.919999999999999929e+00 6.850667089525565245e+01 2.334157137853760222e+00 3.599194751586765051e-04 3.487250808120734291e-07 9.996397495269775391e-01 1.785729492187500000e+04
4.979999999999999538e+00 7.036315921543068441e+01 2.315991297219071487e+00 3.910654922947287560e-04 0.000000000000000000e+00 9.996089339256286621e-01 1.776356054687500000e+04
5.040000000000000036e+00 7.224884002428603935e+01 2.296402207720461330e+00 2.677481388673186302e-04 3.376819392997276736e-07 9.997318387031555176e-01 1.764795507812500000e+04
5.099999999999999645e+00 7.416409084191958812e+01 2.277535138828373551e+00 2.608034119475632906e-04 4.995200697521795519e-07 9.997386932373046875e-01 1.754434570312500000e+04
5.160000000000000142e+00 7.610805514292668761e+01 2.257922448297580154e+00 3.350077604409307241e-04 1.636714273445250001e-06 9.996633529663085938e-01 1.746016796875000000e+04
5.219999999999999751e+00 7.808128304544675302e+01 2.239226950056492527e+00 3.009913198184221983e-04 6.448707381423446350e-07 9.996984004974365234e-01 1.736296875000000000e+04
5.279999999999999361e+00 8.008279470490909091e+01 2.219704730489400202e+00 2.467708254698663950e-04 1.431889586456236430e-06 9.997518658638000488e-01 1.726362500000000000e+04
5.339999999999999858e+00 8.211299655005882414e+01 2.200928692968740830e+00 2.374326286371797323e-04 5.335544756235321984e-06 9.997572302818298340e-01 1.715616601562500000e+04
5.399999999999999467e+00 8.417127027738185063e+01 2.181777497019713241e+00 3.396860265638679266e-04 2.780238673949497752e-06 9.996575713157653809e-01 1.707392578125000000e+04
5.459999999999999964e+00 8.625733973001172217e+01 2.162644338211349382e+00 2.366361441090703011e-04 4.581163182137970580e-07 9.997628331184387207e-01 1.696771679687500000e+04
5.519999999999999574e+00 8.837115904444060277e+01 2.143775321847947612e+00 2.855107304640114307e-04 9.032168577505217399e-07 9.997135400772094727e-01 1.688090234375000000e+04
5.580000000000000071e+00 9.051214492467234152e+01 2.124633496288954149e+00 1.980041270144283772e-04 2.377853888901881874e-06 9.997995495796203613e-01 1.677175781250000000e+04
5.639999999999999680e+00 9.267974725256753743e+01 2.105281448282234624e+00 1.746052585076540709e-04 1.471220372195602977e-07 9.998253583908081055e-01 1.667355468750000000e+04
5.700000000000000178e+00 9.487384283093756210e+01 2.086151232751622508e+00 2.733115397859364748e-04 1.015516090774326585e-06 9.997256994247436523e-01 1.659274804687500000e+04
5.759999999999999787e+00 9.709378200807275050e+01 2.066751590454775744e+00 2.454336790833622217e-04 1.291471107833785936e-06 9.997531771659851074e-01 1.648935742187500000e+04
5.819999999999999396e+00 9.933923690868294898e+01 2.047404907711342315e+00 2.295439189765602350e-04 1.982717776627396233e-06 9.997684955596923828e-01 1.639088867187500000e+04
5.879999999999999893e+00 1.016094934769836584e+02 2.027775253085884355e+00 1.819906174205243587e-04 1.261467900803836528e-06 9.998166561126708984e-01 1.629155078125000000e+04
5.939999999999999503e+00 1.039046056269920797e+02 2.008563827519806999e+00 2.147549967048689723e-04 3.328393631818471476e-06 9.997819066047668457e-01 1.619373144531250000e+04
6.000000000000000000e+00 1.062235436253750152e+02 1.988828048588524577e+00 2.637448196765035391e-04 3.571938577806577086e-06 9.997326731681823730e-01 1.610612890625000000e+04
6.059999999999999609e+00 1.085666729164662883e+02 1.969783352309676383e+00 2.549291821196675301e-04 2.307033810211578384e-06 9.997428655624389648e-01 1.600654003906250000e+04
6.120000000000000107e+00 1.109327773854433445e+02 1.950097091876228150e+00 2.370373549638316035e-04 8.060293339440249838e-07 9.997622370719909668e-01 1.591219628906250000e+04
6.179999999999999716e+00 1.133220336556023682e+02 1.930943094468386523e+00 1.968369033420458436e-04 1.065165633917786181e-06 9.998021125793457031e-01 1.581512988281250000e+04
6.240000000000000213e+00 1.157332153660179586e+02 1.911189623957861849e+00 1.826751104090362787e-04 6.595666945941047743e-07 9.998166561126708984e-01 1.571979296875000000e+04
6.299999999999999822e+00 1.181664988960315128e+02 1.891972143619464530e+00 1.917067274916917086e-04 6.535757393066887744e-07 9.998075962066650391e-01 1.562511328125000000e+04
6.359999999999999432e+00 1.206205639621084345e+02 1.872129206619332686e+00 2.014856290770694613e-04 5.189433522900799289e-07 9.997979998588562012e-01 1.553481250000000000e+04
6.419999999999999929e+00 1.230955544975978597e+02 1.852802177263073613e+00 2.383717219345271587e-04 1.287232976210361812e-06 9.997602701187133789e-01 1.544585546875000000e+04
6.479999999999999538e+00 1.255903849035107100e+02 1.833069301943023532e+00 2.044722059508785605e-04 1.788296913218800910e-06 9.997936487197875977e-01 1.534741992187500000e+04
6.540000000000000036e+00 1.281045204308618395e+02 1.813360079862248231e+00 1.878996554296463728e-04 2.659979372765519656e-06 9.998094439506530762e-01 1.524861718750000000e+04
6.599999999999999645e+00 1.306375841694404016e+02 1.793794869160418859e+00 1.785728964023292065e-04 1.383617700412287377e-06 9.998201131820678711e-01 1.515508496093750000e+04
6.660000000000000142e+00 1.331892550746914594e+02 1.774414419101445040e+00 1.915542088681831956e-04 4.619268565875245258e-06 9.998038411140441895e-01 1.505785253906250000e+04
6.719999999999999751e+00 1.357586168522772709e+02 1.754811733320901013e+00 1.618202077224850655e-04 1.610680328667513095e-06 9.998365044593811035e-01 1.495606054687500000e+04
6.779999999999999361e+00 1.383453487015977146e+02 1.735407308934765469e+00 1.625959994271397591e-04 7.376850135187851265e-07 9.998367428779602051e-01 1.485901953125000000e+04
6.839999999999999858e+00 1.409488583003279416e+02 1.716020876491330727e+00 1.753870456013828516e-04 1.220883859787136316e-06 9.998233914375305176e-01 1.476446777343750000e+04
6.899999999999999467e+00 1.435677570575813036e+02 1.696144669960823359e+00 1.732922974042594433e-04 2.186670144510571845e-06 9.998245239257812500e-01 1.467088183593750000e+04
6.959999999999999964e+00 1.462015243737526760e+02 1.676365208495258941e+00 1.705666800262406468e-04 3.624536759616603376e-07 9.998289942741394043e-01 1.456880273437500000e+04
7.019999999999999574e+00 1.488497274729754167e+02 1.656741261094130113e+00 1.660444104345515370e-04 4.563820311886956915e-06 9.998294115066528320e-01 1.446798046875000000e+04
7.080000000000000071e+00 1.515119045487582525e+02 1.637255662257424582e+00 1.702293084235861897e-04 7.163872055571118835e-07 9.998291134834289551e-01 1.436910058593750000e+04
7.139999999999999680e+00 1.541865889446692108e+02 1.617302218585768392e+00 1.423502835677936673e-04 3.565186545984033728e-07 9.998573660850524902e-01 1.426705175781250000e+04
7.199999999999999289e+00 1.568733786231500744e+02 1.597545523418387514e+00 1.371216203551739454e-04 1.539896061331091914e-06 9.998613595962524414e-01 1.416548437500000000e+04
7.259999999999999787e+00 1.595715500141780581e+02 1.577796044976466305e+00 1.783902989700436592e-04 4.716071373422892066e-07 9.998211860656738281e-01 1.407228515625000000e+04
7.319999999999999396e+00 1.622797960077793107e+02 1.557725818416253238e+00 1.580229290993884206e-04 1.528466896161262412e-06 9.998404979705810547e-01 1.396835351562500000e+04
7.379999999999999893e+00 1.649970695498278133e+02 1.537505532602009728e+00 1.513878814876079559e-04 1.991680619539692998e-06 9.998465776443481445e-01 1.386493457031250000e+04
7.439999999999999503e+00 1.677225263126603636e+02 1.517263201508989301e+00 1.638927642488852143e-04 1.635440526115417015e-06 9.998344182968139648e-01 1.376410058593750000e+04
7.500000000000000000e+00 1.704550509347987770e+02 1.496859239763373983e+00 1.558803633088245988e-04 1.163240312962443568e-07 9.998440146446228027e-01 1.365757226562500000e+04
7.559999999999999609e+00 1.731941230605927728e+02 1.476629821882485372e+00 1.744252804201096296e-04 9.291298965763417073e-07 9.998246431350708008e-01 1.355102832031250000e+04
7.620000000000000107e+00 1.759383419014142191e+02 1.456107186588282643e+00 1.383618364343419671e-04 1.508050445409025997e-06 9.998601675033569336e-01 1.344198535156250000e+04
7.679999999999999716e+00 1.786868155584083127e+02 1.435578347068040772e+00 1.199690304929390550e-04 1.273658426725887693e-06 9.998787641525268555e-01 1.333476562500000000e+04
7.739999999999999325e+00 1.814387126335177811e+02 1.415082159843225940e+00 1.466784451622515917e-04 2.544906010371050797e-06 9.998508095741271973e-01 1.323303222656250000e+04
7.799999999999999822e+00 1.841928694622083071e+02 1.394456232882890001e+00 1.377965527353808284e-04 2.082313585560768843e-06 9.998602271080017090e-01 1.312603222656250000e+04
7.859999999999999432e+00 1.869477318082643080e+02 1.373518998222016396e+00 1.306281046709045768e-04 3.461424569195514778e-07 9.998690485954284668e-01 1.301698925781250000e+04
7.919999999999999929e+00 1.897031872085096040e+02 1.352999710379569009e+00 1.250849891221150756e-04 2.310528770976816304e-06 9.998726248741149902e-01 1.291016796875000000e+04
7.979999999999999538e+00 1.924583176609226598e+02 1.332497077917840445e+00 1.334552653133869171e-04 4.626149348041508347e-07 9.998661279678344727e-01 1.280796582031250000e+04
8.039999999999999147e+00 1.952122602972733034e+02 1.312043530078647269e+00 1.341321622021496296e-04 5.778547915724630002e-07 9.998652935028076172e-01 1.270592675781250000e+04
8.099999999999999645e+00 1.979640927243530939e+02 1.291615746464940262e+00 1.279870775761082768e-04 1.618627379684767220e-06 9.998704195022583008e-01 1.260489648437500000e+04
8.160000000000000142e+00 2.007126725016977957e+02 1.271117510686003316e+00 1.210736227221786976e-04 6.953863476155675016e-07 9.998781085014343262e-01 1.250283789062500000e+04
8.219999999999998863e+00 2.034580184138292509e+02 1.251087670767694338e+00 1.261054858332499862e-04 6.965856869101116899e-07 9.998732209205627441e-01 1.240517578125000000e+04
8.279999999999999361e+00 2.061982473734223618e+02 1.230658221731613988e+00 1.254535891348496079e-04 3.483718558072723681e-07 9.998742341995239258e-01 1.231065722656250000e+04
8.339999999999999858e+00 2.089322801243136780e+02 1.210208490280453075e+00 1.394148566760122776e-04 1.166416438991291216e-07 9.998605251312255859e-01 1.221704101562500000e+04
8.400000000000000355e+00 2.116590774189315880e+02 1.189763101093067821e+00 1.345355121884495020e-04 5.836073455611767713e-07 9.998648166656494141e-01 1.212531835937500000e+04
8.459999999999999076e+00 2.143779971681661891e+02 1.169498916238924879e+00 1.301840529777109623e-04 4.680082668073737295e-07 9.998693466186523438e-01 1.203583300781250000e+04
8.519999999999999574e+00 2.170876398031635119e+02 1.149093177464124871e+00 1.293348614126443863e-04 2.349979126847756561e-07 9.998704195022583008e-01 1.194806347656250000e+04
8.580000000000000071e+00 2.197873342041889373e+02 1.128862408547233409e+00 1.263142621610313654e-04 1.297058020099939313e-06 9.998723268508911133e-01 1.186241796875000000e+04
8.640000000000000568e+00 2.224753436568148004e+02 1.108365880658027880e+00 1.206995439133606851e-04 7.098908554326044396e-07 9.998785853385925293e-01 1.177884472656250000e+04
8.699999999999999289e+00 2.251503883740082017e+02 1.087806213292409563e+00 1.138642473961226642e-04 2.384274750966142165e-07 9.998857975006103516e-01 1.169805566406250000e+04
8.759999999999999787e+00 2.278115040023300537e+02 1.067318324092386472e+00 1.123992187785916030e-04 3.583365071335720131e-07 9.998872280120849609e-01 1.161741210937500000e+04
8.820000000000000284e+00 2.304570889783279597e+02 1.046652936416499591e+00 1.143741756095550954e-04 4.805867774848593399e-07 9.998850822448730469e-01 1.154457031250000000e+04
8.879999999999999005e+00 2.330862167615613600e+02 1.026086341728465801e+00 1.144477864727377892e-04 3.626962836733582662e-07 9.998851418495178223e-01 1.146971386718750000e+04
8.939999999999999503e+00 2.356974321614752910e+02 1.005416634209659765e+00 1.056262553902342916e-04 0.000000000000000000e+00 9.998944401741027832e-01 1.140025683593750000e+04
9.000000000000000000e+00 2.382889157629550141e+02 9.845150890814130529e-01 1.176286896225064993e-04 0.000000000000000000e+00 9.998823404312133789e-01 1.133369628906250000e+04
9.060000000000000497e+00 2.408600203538392464e+02 9.638358200218040128e-01 1.107670323108322918e-04 0.000000000000000000e+00 9.998891949653625488e-01 1.126646093750000000e+04
9.119999999999999218e+00 2.434084634927477566e+02 9.427705806107324893e-01 1.221983839059248567e-04 0.000000000000000000e+00 9.998778700828552246e-01 1.120161425781250000e+04
9.179999999999999716e+00 2.459329227005526093e+02 9.216903279796747617e-01 1.170320756500586867e-04 1.259114270624195342e-07 9.998828768730163574e-01 1.113744433593750000e+04
9.240000000000000213e+00 2.484317932423885509e+02 9.004992967918370450e-01 1.134687699959613383e-04 0.000000000000000000e+00 9.998864531517028809e-01 1.107745312500000000e+04
9.299999999999998934e+00 2.509028592765438361e+02 8.789896953831479731e-01 1.225322484970092773e-04 0.000000000000000000e+00 9.998775124549865723e-01 1.101868261718750000e+04
9.359999999999999432e+00 2.533446570740443633e+02 8.574431407212940170e-01 1.281596778426319361e-04 0.000000000000000000e+00 9.998717308044433594e-01 1.096369042968750000e+04
9.419999999999999929e+00 2.557550042149899525e+02 8.356171591421085454e-01 1.263230660697445273e-04 0.000000000000000000e+00 9.998736977577209473e-01 1.091426660156250000e+04
9.480000000000000426e+00 2.581317924417483596e+02 8.135529582657107239e-01 1.249837077921256423e-04 0.000000000000000000e+00 9.998750090599060059e-01 1.086674121093750000e+04
9.539999999999999147e+00 2.604735655879451883e+02 7.914851374339921808e-01 1.292722445214167237e-04 0.000000000000000000e+00 9.998707175254821777e-01 1.082445605468750000e+04
9.599999999999999645e+00 2.627783144416088703e+02 7.692344512939605083e-01 1.064736425178125501e-04 0.000000000000000000e+00 9.998934864997863770e-01 1.078873046875000000e+04
9.660000000000000142e+00 2.650438590223873803e+02 7.467565668165049297e-01 1.067692501237615943e-04 0.000000000000000000e+00 9.998933076858520508e-01 1.076645703125000000e+04
9.719999999999998863e+00 2.672681320570598018e+02 7.241017084929020076e-01 1.120306260418146849e-04 0.000000000000000000e+00 9.998878836631774902e-01 1.075874316406250000e+04
9.779999999999999361e+00 2.694481543692543255e+02 7.009882746637574602e-01 1.160381507361307740e-04 1.462838525867482531e-07 9.998837113380432129e-01 1.076527929687500000e+04
9.839999999999999858e+00 2.715830452820383130e+02 6.781046727556983011e-01 1.192506169900298119e-04 0.000000000000000000e+00 9.998807907104492188e-01 1.078336035156250000e+04
9.900000000000000355e+00 2.736690505745481232e+02 6.545460106051058657e-01 1.189868416986428201e-04 0.000000000000000000e+00 9.998809695243835449e-01 1.081984082031250000e+04
9.959999999999999076e+00 2.757053182345435971e+02 6.312413828636527224e-01 1.253208029083907604e-04 0.000000000000000000e+00 9.998747110366821289e-01 1.087733496093750000e+04
1.001999999999999957e+01 2.776883428750867324e+02 6.073740681313219980e-01 1.186206282000057399e-04 0.000000000000000000e+00 9.998813867568969727e-01 1.095091308593750000e+04
1.008000000000000007e+01 2.796156689688462507e+02 5.832868759605852604e-01 1.258059346582740545e-04 0.000000000000000000e+00 9.998741745948791504e-01 1.104746679687500000e+04
1.013999999999999879e+01 2.814839659225191326e+02 5.587309599844656471e-01 1.323255564784631133e-04 0.000000000000000000e+00 9.998676776885986328e-01 1.117787304687500000e+04
1.019999999999999929e+01 2.832894830525869452e+02 5.336037397942479110e-01 1.366015494568273425e-04 0.000000000000000000e+00 9.998633861541748047e-01 1.133870996093750000e+04
1.025999999999999979e+01 2.850288502450644046e+02 5.080414874710802442e-01 1.452340657124295831e-04 0.000000000000000000e+00 9.998547434806823730e-01 1.152872949218750000e+04
1.032000000000000028e+01 2.866997864003229211e+02 4.823788893995156757e-01 1.400506298523396254e-04 0.000000000000000000e+00 9.998599886894226074e-01 1.174603222656250000e+04
1.037999999999999901e+01 2.882992502554867542e+02 4.564076671605191149e-01 1.578001247253268957e-04 0.000000000000000000e+00 9.998422861099243164e-01 1.199326074218750000e+04
1.043999999999999950e+01 2.898260170353369176e+02 4.306559556050509885e-01 1.808480155887082219e-04 0.000000000000000000e+00 9.998190999031066895e-01 1.226748437500000000e+04
1.050000000000000000e+01 2.912783000147057919e+02 4.049646481440140056e-01 1.921669609146192670e-04 0.000000000000000000e+00 9.998078346252441406e-01 1.256254785156250000e+04
1.055999999999999872e+01 2.926567193267686093e+02 3.800002205725797055e-01 2.513683866709470749e-04 0.000000000000000000e+00 9.997487068176269531e-01 1.288357812500000000e+04
1.061999999999999922e+01 2.939597766009657676e+02 3.551655550428589048e-01 3.050755185540765524e-04 0.000000000000000000e+00 9.996949434280395508e-01 1.322014160156250000e+04
1.067999999999999972e+01 2.951888464007812445e+02 3.312352897855167511e-01 3.778162354137748480e-04 0.000000000000000000e+00 9.996222853660583496e-01 1.356368457031250000e+04
1.074000000000000021e+01 2.963455579785405121e+02 3.082516585828938838e-01 4.136641800869256258e-04 2.747947576153819682e-07 9.995861053466796875e-01 1.390750195312500000e+04
1.079999999999999893e+01 2.974317280658551113e+02 2.862369697034507499e-01 5.394402542151510715e-04 0.000000000000000000e+00 9.994605183601379395e-01 1.425854394531250000e+04
1.085999999999999943e+01 2.984505034360644231e+02 2.655099677173430872e-01 6.715485942550003529e-04 3.120003668755089166e-07 9.993281364440917969e-01 1.459508691406250000e+04
1.091999999999999993e+01 2.994047389705548312e+02 2.459569755182861306e-01 8.367810514755547047e-04 3.331025482111726888e-07 9.991628527641296387e-01 1.491482714843750000e+04
1.098000000000000043e+01 3.002975819915639022e+02 2.276177889400780863e-01 9.867443004623055458e-04 0.000000000000000000e+00 9.990133047103881836e-01 1.521328613281250000e+04
1.103999999999999915e+01 3.011318124253569408e+02 2.103636674782769778e-01 1.227511325851082802e-03 0.000000000000000000e+00 9.987725019454956055e-01 1.550384375000000000e+04
1.109999999999999964e+01 3.019106752370918798e+02 1.942786514398426589e-01 1.504834741353988647e-03 4.081055919868958881e-07 9.984947443008422852e-01 1.578604882812500000e+04
1.116000000000000014e+01 3.026379993587985950e+02 1.794721344137787389e-01 1.895999419502913952e-03 4.370242550066905096e-07 9.981034994125366211e-01 1.605686132812500000e+04
1.121999999999999886e+01 3.033160732087505380e+02 1.655298035039187710e-01 2.321703126654028893e-03 9.375328886562783737e-07 9.976774454116821289e-01 1.632521191406250000e+04
1.127999999999999936e+01 3.039469735744070817e+02 1.523754923162074781e-01 2.805891213938593864e-03 5.038169206272868905e-07 9.971936941146850586e-01 1.660088085937500000e+04
1.133999999999999986e+01 3.045332905851763599e+02 1.401092096205361626e-01 3.535237861797213554e-03 0.000000000000000000e+00 9.964647889137268066e-01 1.689443359375000000e+04
1.140000000000000036e+01 3.050779352930441632e+02 1.287809925286345358e-01 4.296253435313701630e-03 0.000000000000000000e+00 9.957038164138793945e-01 1.719744921875000000e+04
1.145999999999999908e+01 3.055829544485315523e+02 1.181611775340121739e-01 5.411501508206129074e-03 1.258796942238404881e-06 9.945872426033020020e-01 1.752996093750000000e+04
1.151999999999999957e+01 3.060510901039164082e+02 1.083904683955810716e-01 6.462891120463609695e-03 6.789875328649941366e-07 9.935365319252014160e-01 1.787429882812500000e+04
1.158000000000000007e+01 3.064852773407351947e+02 9.948841796228420631e-02 7.725587580353021622e-03 0.000000000000000000e+00 9.922744035720825195e-01 1.822858007812500000e+04
1.163999999999999879e+01 3.068876182872551226e+02 9.124083355531442674e-02 9.294417686760425568e-03 7.900221703494025860e-07 9.907048344612121582e-01 1.858608398437500000e+04
1.169999999999999929e+01 3.072613372639566478e+02 8.388086478949545455e-02 1.029156334698200226e-02 0.000000000000000000e+00 9.897084236145019531e-01 1.892172265625000000e+04
1.175999999999999979e+01 3.076081635141509310e+02 7.705049024482829578e-02 1.206100173294544220e-02 0.000000000000000000e+00 9.879391193389892578e-01 1.925692773437500000e+04
1.182000000000000028e+01 3.079310395599965773e+02 7.100152805639822762e-02 1.332631148397922516e-02 0.000000000000000000e+00 9.866737723350524902e-01 1.955995117187500000e+04
1.187999999999999901e+01 3.082319099654356478e+02 6.549411224511633711e-02 1.451893057674169540e-02 0.000000000000000000e+00 9.854810833930969238e-01 1.984475781250000000e+04
1.193999999999999950e+01 3.085131247473358940e+02 6.060020885716566053e-02 1.558531355112791061e-02 0.000000000000000000e+00 9.844147562980651855e-01 2.010484570312500000e+04
1.200000000000000000e+01 3.087763671940173822e+02 5.616000341736096524e-02 1.665718294680118561e-02 0.000000000000000000e+00 9.833429455757141113e-01 2.034402343750000000e+04
1.205999999999999872e+01 3.090230831647629657e+02 5.211053426415897943e-02 1.790698058903217316e-02 0.000000000000000000e+00 9.820930957794189453e-01 2.057022851562500000e+04
1.211999999999999922e+01 3.092548152469450997e+02 4.846107992174634310e-02 1.887377165257930756e-02 0.000000000000000000e+00 9.811262488365173340e-01 2.078135351562500000e+04
1.217999999999999972e+01 3.094731029785009468e+02 4.519977847035057394e-02 1.929614134132862091e-02 0.000000000000000000e+00 9.807039499282836914e-01 2.096007812500000000e+04
1.224000000000000021e+01 3.096792200933342087e+02 4.226124333260278948e-02 1.935807801783084869e-02 0.000000000000000000e+00 9.806419610977172852e-01 2.110101562500000000e+04
1.229999999999999893e+01 3.098741502630570039e+02 3.957760293484432340e-02 1.920797489583492279e-02 0.000000000000000000e+00 9.807921051979064941e-01 2.119607617187500000e+04
1.235999999999999943e+01 3.100589221841945005e+02 3.715090358827134037e-02 1.946640387177467346e-02 0.000000000000000000e+00 9.805335998535156250e-01 2.126864062500000000e+04
1.241999999999999993e+01 3.102347561340484958e+02 3.501222313293007871e-02 1.933732628822326660e-02 0.000000000000000000e+00 9.806627035140991211e-01 2.130884960937500000e+04
1.248000000000000043e+01 3.104020264003154921e+02 3.298675704807468162e-02 1.966019347310066223e-02 0.000000000000000000e+00 9.803398847579956055e-01 2.135408203125000000e+04
1.253999999999999915e+01 3.105609355569865215e+02 3.103801137772930693e-02 1.939515024423599243e-02 0.000000000000000000e+00 9.806049466133117676e-01 2.138252539062500000e+04
1.259999999999999964e+01 3.107126358332133691e+02 2.934779039613517188e-02 1.876570470631122589e-02 0.000000000000000000e+00 9.812344312667846680e-01 2.139381835937500000e+04
1.266000000000000014e+01 3.108573879709667267e+02 2.773817510383630794e-02 1.794233173131942749e-02 0.000000000000000000e+00 9.820576906204223633e-01 2.138851953125000000e+04
1.271999999999999886e+01 3.109953642785916941e+02 2.619032468191028265e-02 1.763217896223068237e-02 0.000000000000000000e+00 9.823676943778991699e-01 2.139483398437500000e+04
1.277999999999999936e+01 3.111273304540606546e+02 2.481429132032014068e-02 1.696639880537986755e-02 0.000000000000000000e+00 9.830335378646850586e-01 2.139175390625000000e+04
1.283999999999999986e+01 3.112534280140451983e+02 2.348919030696966850e-02 1.619388163089752197e-02 0.000000000000000000e+00 9.838060736656188965e-01 2.138766406250000000e+04
1.290000000000000036e+01 3.113739379335196418e+02 2.223951607410213846e-02 1.567021384835243225e-02 0.000000000000000000e+00 9.843297600746154785e-01 2.139158007812500000e+04
1.295999999999999908e+01 3.114889868631581180e+02 2.103512855417972657e-02 1.548909675329923630e-02 0.000000000000000000e+00 9.845108389854431152e-01 2.140513476562500000e+04
1.301999999999999957e+01 3.115991645332654798e+02 1.995882301172578407e-02 1.477377302944660187e-02 0.000000000000000000e+00 9.852262139320373535e-01 2.140751757812500000e+04
1.308000000000000007e+01 3.117046595590423976e+02 1.893523115553732636e-02 1.417481806129217148e-02 0.000000000000000000e+00 9.858251810073852539e-01 2.142300781250000000e+04
1.313999999999999879e+01 3.118054749213120544e+02 1.793002894447310105e-02 1.351969595998525620e-02 0.000000000000000000e+00 9.864803552627563477e-01 2.144391210937500000e+04
1.319999999999999929e+01 3.119018544681730418e+02 1.698529116508509101e-02 1.305772829800844193e-02 0.000000000000000000e+00 9.869421720504760742e-01 2.148123046875000000e+04
1.325999999999999979e+01 3.119941768708852692e+02 1.612304562164004057e-02 1.223197206854820251e-02 0.000000000000000000e+00 9.877679944038391113e-01 2.151655664062500000e+04
1.332000000000000028e+01 3.120825325833250758e+02 1.529129794908854444e-02 1.154106203466653824e-02 0.000000000000000000e+00 9.884588718414306641e-01 2.156287304687500000e+04
1.337999999999999901e+01 3.121671447860430249e+02 1.451209643957159304e-02 1.059571746736764908e-02 0.000000000000000000e+00 9.894043803215026855e-01 2.160847851562500000e+04
1.343999999999999950e+01 3.122480243121583499e+02 1.374803834616200246e-02 9.823901578783988953e-03 0.000000000000000000e+00 9.901760816574096680e-01 2.166010937500000000e+04
1.350000000000000000e+01 3.123256050353343767e+02 1.307008256605573550e-02 8.653760887682437897e-03 0.000000000000000000e+00 9.913463592529296875e-01 2.169876953125000000e+04
1.355999999999999872e+01 3.124000740308069908e+02 1.243482299715028064e-02 7.777835708111524582e-03 0.000000000000000000e+00 9.922222495079040527e-01 2.175018359375000000e+04
1.361999999999999922e+01 3.124714924778731984e+02 1.182037353024733770e-02 6.686645559966564178e-03 0.000000000000000000e+00 9.933133721351623535e-01 2.179417578125000000e+04
1.367999999999999972e+01 3.125399001640408301e+02 1.122275070897692413e-02 5.800597835332155228e-03 0.000000000000000000e+00 9.941994547843933105e-01 2.184505468750000000e+04
1.374000000000000021e+01 3.126056777884441544e+02 1.069702470773120813e-02 5.310310982167720795e-03 0.000000000000000000e+00 9.946897029876708984e-01 2.191677539062500000e+04
1.379999999999999893e+01 3.126689680684699510e+02 1.020302302188300266e-02 4.723506979644298553e-03 0.000000000000000000e+00 9.952764511108398438e-01 2.198332812500000000e+04
1.385999999999999943e+01 3.127297291048763554e+02 9.710476659035660249e-03 4.237306304275989532e-03 0.000000000000000000e+00 9.957627058029174805e-01 2.205617578125000000e+04
1.391999999999999993e+01 3.127881438371025524e+02 9.255025942910551778e-03 3.811171976849436760e-03 0.000000000000000000e+00 9.961888194084167480e-01 2.213180273437500000e+04
1.397999999999999865e+01 3.128442509472360484e+02 8.813110851058141362e-03 3.426006063818931580e-03 0.000000000000000000e+00 9.965739846229553223e-01 2.220962695312500000e+04
1.403999999999999915e+01 3.128985644442898320e+02 8.458459010051495863e-03 2.746189478784799576e-03 0.000000000000000000e+00 9.972537755966186523e-01 2.227788671875000000e+04
1.409999999999999964e+01 3.129506589358425686e+02 8.043838966314019456e-03 2.540983492508530617e-03 0.000000000000000000e+00 9.974590539932250977e-01 2.236027148437500000e+04
1.416000000000000014e+01 3.130008928868330145e+02 7.690822325076564561e-03 2.307284390553832054e-03 0.000000000000000000e+00 9.976927042007446289e-01 2.244053125000000000e+04
1.421999999999999886e+01 3.130494345689161264e+02 7.369021109852444754e-03 2.348578302189707756e-03 0.000000000000000000e+00 9.976514577865600586e-01 2.253181054687500000e+04
1.427999999999999936e+01 3.130963314579888106e+02 7.059502254567241036e-03 1.998870167881250381e-03 0.000000000000000000e+00 9.980012178421020508e-01 2.260854687500000000e+04
1.433999999999999986e+01 3.131415058201318971e+02 6.743300948470713242e-03 2.243330935016274452e-03 0.000000000000000000e+00 9.977566599845886230e-01 2.270218359375000000e+04
1.439999999999999858e+01 3.131852931427885096e+02 6.481785294937712598e-03 1.779115176759660244e-03 0.000000000000000000e+00 9.982209205627441406e-01 2.277008984375000000e+04
1.445999999999999908e+01 3.132275165968255806e+02 6.198418374752366101e-03 1.770009519532322884e-03 0.000000000000000000e+00 9.982299208641052246e-01 2.284405078125000000e+04
1.451999999999999957e+01 3.132684993309085257e+02 5.966559195164977680e-03 1.460421597585082054e-03 0.000000000000000000e+00 9.985395669937133789e-01 2.290414648437500000e+04
1.458000000000000007e+01 3.133081191160443382e+02 5.720657287977041171e-03 1.526646898128092289e-03 0.000000000000000000e+00 9.984732270240783691e-01 2.297202539062500000e+04
1.463999999999999879e+01 3.133466193848462922e+02 5.513446141034781915e-03 1.431208220310509205e-03 0.000000000000000000e+00 9.985687732696533203e-01 2.302975390625000000e+04
1.469999999999999929e+01 3.133838342556542784e+02 5.285865395183520291e-03 1.523189246654510498e-03 0.000000000000000000e+00 9.984769225120544434e-01 2.309187109375000000e+04
1.475999999999999979e+01 3.134201549862723937e+02 5.116923203088524080e-03 1.551968045532703400e-03 0.000000000000000000e+00 9.984480142593383789e-01 2.314414257812500000e+04
1.482000000000000028e+01 3.134553105238267108e+02 4.912665749890680021e-03 1.432256191037595272e-03 0.000000000000000000e+00 9.985678195953369141e-01 2.319454492187500000e+04
1.487999999999999901e+01 3.134894959940625085e+02 4.738582836897859037e-03 1.130148768424987793e-03 0.000000000000000000e+00 9.988697767257690430e-01 2.323222070312500000e+04
1.493999999999999950e+01 3.135227156661891854e+02 4.567724331602370999e-03 1.334596658125519753e-03 0.000000000000000000e+00 9.986653923988342285e-01 2.328116992187500000e+04
1.500000000000000000e+01 3.135550555647784563e+02 4.411181106885087716e-03 1.165267429314553738e-03 0.000000000000000000e+00 9.988347887992858887e-01 2.331424218750000000e+04
1.505999999999999872e+01 3.135865270470710584e+02 4.258523788260678254e-03 1.298045390285551548e-03 0.000000000000000000e+00 9.987019896507263184e-01 2.335186132812500000e+04
1.511999999999999922e+01 3.136172783423081682e+02 4.128048376910897072e-03 1.235763076692819595e-03 0.000000000000000000e+00 9.987642168998718262e-01 2.337788476562500000e+04
1.517999999999999972e+01 3.136470696905403770e+02 3.967571315062738517e-03 1.126764225773513317e-03 0.000000000000000000e+00 9.988732337951660156e-01 2.340172070312500000e+04
1.524000000000000021e+01 3.136762870740486164e+02 3.860492800735804142e-03 1.062189810909330845e-03 0.000000000000000000e+00 9.989378452301025391e-01 2.341726562500000000e+04
1.529999999999999893e+01 3.137047452453523420e+02 3.730686653168070396e-03 8.234591805376112461e-04 0.000000000000000000e+00 9.991765618324279785e-01 2.342562695312500000e+04
1.535999999999999943e+01 3.137324926428264007e+02 3.609090798388862528e-03 8.787913247942924500e-04 0.000000000000000000e+00 9.991211891174316406e-01 2.344119335937500000e+04
1.541999999999999993e+01 3.137595803997841131e+02 3.495873196716926638e-03 8.417377830483019352e-04 0.000000000000000000e+00 9.991582632064819336e-01 2.344685156250000000e+04
1.547999999999999865e+01 3.137860717634207504e+02 3.392401275020402035e-03 8.128714980557560921e-04 0.000000000000000000e+00 9.991871118545532227e-01 2.345577148437500000e+04
1.553999999999999915e+01 3.138120277548439390e+02 3.298176567041880350e-03 8.662394830025732517e-04 0.000000000000000000e+00 9.991337060928344727e-01 2.346095898437500000e+04
1.559999999999999964e+01 3.138372851949555411e+02 3.184725361174097803e-03 8.275074651464819908e-04 0.000000000000000000e+00 9.991724491119384766e-01 2.346142382812500000e+04
1.566000000000000014e+01 3.138621633996618243e+02 3.112869861520041817e-03 8.273926796391606331e-04 0.000000000000000000e+00 9.991726875305175781e-01 2.346365234375000000e+04
1.571999999999999886e+01 3.138863181143930206e+02 2.999272416257450693e-03 7.341815507970750332e-04 0.000000000000000000e+00 9.992659091949462891e-01 2.344670507812500000e+04
1.577999999999999936e+01 3.139101138724640805e+02 2.932231942114749915e-03 5.323261721059679985e-04 0.000000000000000000e+00 9.994676113128662109e-01 2.343540820312500000e+04
1.583999999999999986e+01 3.139334150159311321e+02 2.849531024730476980e-03 8.833920001052320004e-04 0.000000000000000000e+00 9.991165995597839355e-01 2.342858593750000000e+04
1.589999999999999858e+01 3.139561662528133752e+02 2.761283885849247048e-03 7.237950921989977360e-04 0.000000000000000000e+00 9.992762207984924316e-01 2.341083789062500000e+04
1.595999999999999908e+01 3.139784935800622634e+02 2.689460002296559932e-03 6.666202680207788944e-04 0.000000000000000000e+00 9.993333220481872559e-01 2.338786132812500000e+04
1.601999999999999957e+01 3.140004622251002502e+02 2.626432547691018565e-03 5.477693048305809498e-04 0.000000000000000000e+00 9.994522333145141602e-01 2.336126757812500000e+04
1.607999999999999829e+01 3.140219527396382091e+02 2.550096713280377431e-03 5.746920360252261162e-04 0.000000000000000000e+00 9.994252920150756836e-01 2.334068554687500000e+04
1.614000000000000057e+01 3.140430018865254738e+02 2.479153017247257874e-03 6.318764644674956799e-04 0.000000000000000000e+00 9.993681907653808594e-01 2.331070507812500000e+04
1.619999999999999929e+01 3.140636890616233359e+02 2.418472031209740591e-03 6.276247440837323666e-04 0.000000000000000000e+00 9.993724226951599121e-01 2.329073242187500000e+04
1.625999999999999801e+01 3.140840184140698739e+02 2.359100420299837728e-03 5.296302260830998421e-04 0.000000000000000000e+00 9.994704127311706543e-01 2.325461718750000000e+04
1.632000000000000028e+01 3.141038986742647126e+02 2.290022880781071839e-03 5.734529695473611355e-04 0.000000000000000000e+00 9.994266033172607422e-01 2.323005468750000000e+04
1.637999999999999901e+01 3.141235722342011627e+02 2.249610696802714464e-03 6.599610205739736557e-04 0.000000000000000000e+00 9.993399977684020996e-01 2.320095703125000000e+04
1.643999999999999773e+01 3.141428256734276943e+02 2.185501402616862876e-03 3.947483201045542955e-04 0.000000000000000000e+00 9.996052980422973633e-01 2.316195703125000000e+04
1.650000000000000000e+01 3.141616961779027406e+02 2.126455256107499109e-03 5.873566842637956142e-04 0.000000000000000000e+00 9.994127154350280762e-01 2.313361718750000000e+04
1.655999999999999872e+01 3.141802835747045606e+02 2.079374928935768738e-03 5.451911129057407379e-04 0.000000000000000000e+00 9.994547963142395020e-01 2.309860937500000000e+04
1.662000000000000099e+01 3.141985416477344302e+02 2.027785958615003180e-03 6.244029500521719456e-04 0.000000000000000000e+00 9.993755817413330078e-01 2.306415234375000000e+04
1.667999999999999972e+01 3.142164921794903307e+02 1.979287079920437169e-03 4.586837894748896360e-04 0.000000000000000000e+00 9.995413422584533691e-01 2.301847851562500000e+04
1.673999999999999844e+01 3.142341133760388630e+02 1.929045387321817089e-03 6.469705258496105671e-04 0.000000000000000000e+00 9.993529915809631348e-01 2.298871679687500000e+04
1.680000000000000071e+01 3.142514486136921050e+02 1.884185374742078974e-03 3.653571184258908033e-04 0.000000000000000000e+00 9.996346831321716309e-01 2.293945507812500000e+04
1.685999999999999943e+01 3.142686336228181858e+02 1.854562578038925240e-03 5.343989469110965729e-04 0.000000000000000000e+00 9.994656443595886230e-01 2.290628320312500000e+04
1.691999999999999815e+01 3.142853498231870049e+02 1.791175867419518694e-03 5.683306371793150902e-04 0.000000000000000000e+00 9.994316101074218750e-01 2.287961718750000000e+04
1.698000000000000043e+01 3.143017981592476531e+02 1.750018053870697936e-03 3.080458554904907942e-04 0.000000000000000000e+00 9.996920228004455566e-01 2.283146484375000000e+04
1.703999999999999915e+01 3.143181240852551355e+02 1.724761952888285857e-03 3.685472183860838413e-04 0.000000000000000000e+00 9.996314644813537598e-01 2.280267578125000000e+04
1.709999999999999787e+01 3.143340703317833800e+02 1.672828433329009296e-03 3.971814003307372332e-04 0.000000000000000000e+00 9.996028542518615723e-01 2.276593164062500000e+04
1.716000000000000014e+01 3.143498119497633638e+02 1.639814097592355710e-03 5.029305466450750828e-04 0.000000000000000000e+00 9.994971156120300293e-01 2.273407421875000000e+04
1.721999999999999886e+01 3.143653131521652995e+02 1.603517151949705906e-03 4.494430613704025745e-04 0.000000000000000000e+00 9.995506405830383301e-01 2.270253515625000000e+04
1.728000000000000114e+01 3.143805510596474164e+02 1.565334339785079236e-03 5.403378163464367390e-04 0.000000000000000000e+00 9.994596242904663086e-01 2.267198437500000000e+04
1.733999999999999986e+01 3.143955234918633437e+02 1.527419047267547644e-03 2.326578542124480009e-04 0.000000000000000000e+00 9.997673034667968750e-01 2.263247265625000000e+04
1.739999999999999858e+01 3.144102752964778915e+02 1.494532968963954885e-03 6.010771612636744976e-04 0.000000000000000000e+00 9.993988871574401855e-01 2.260961523437500000e+04
1.746000000000000085e+01 3.144248242593227474e+02 1.463852263968680326e-03 4.135603958275169134e-04 0.000000000000000000e+00 9.995864629745483398e-01 2.257360937500000000e+04
1.751999999999999957e+01 3.144390965945445942e+02 1.426183507111648601e-03 3.106349904555827379e-04 0.000000000000000000e+00 9.996894598007202148e-01 2.254679101562500000e+04
1.757999999999999829e+01 3.144531458740520975e+02 1.394311486653971753e-03 4.282692680135369301e-04 0.000000000000000000e+00 9.995718002319335938e-01 2.251724414062500000e+04
1.764000000000000057e+01 3.144670484442713700e+02 1.370365392257898380e-03 5.694587598554790020e-04 0.000000000000000000e+00 9.994306564331054688e-01 2.249054296875000000e+04
1.769999999999999929e+01 3.144807123180317490e+02 1.337706205336150131e-03 4.867016687057912350e-04 0.000000000000000000e+00 9.995133280754089355e-01 2.246404492187500000e+04
1.775999999999999801e+01 3.144940831991836490e+02 1.300177241828276171e-03 5.921031115576624870e-04 0.000000000000000000e+00 9.994078874588012695e-01 2.243724023437500000e+04
1.782000000000000028e+01 3.145073486718374625e+02 1.281241029860545914e-03 4.535740881692618132e-04 0.000000000000000000e+00 9.995463490486145020e-01 2.241235156250000000e+04
1.787999999999999901e+01 3.145204096817561776e+02 1.253026703656322845e-03 4.121824749745428562e-04 0.000000000000000000e+00 9.995877742767333984e-01 2.238040039062500000e+04
1.793999999999999773e+01 3.145332254065296524e+02 1.221270906214161648e-03 7.660125847905874252e-04 0.000000000000000000e+00 9.992339611053466797e-01 2.236581250000000000e+04
1.800000000000000000e+01 3.145458398152041468e+02 1.194072664368548906e-03 4.016709863208234310e-04 0.000000000000000000e+00 9.995982646942138672e-01 2.233838476562500000e+04
1.805999999999999872e+01 3.145583138183450274e+02 1.172936259046696277e-03 4.569661396089941263e-04 0.000000000000000000e+00 9.995430111885070801e-01 2.230480078125000000e+04
1.812000000000000099e+01 3.145706278690716431e+02 1.150227703500119681e-03 5.400521913543343544e-04 0.000000000000000000e+00 9.994599819183349609e-01 2.229080273437500000e+04
1.817999999999999972e+01 3.145826976352490760e+02 1.119968014107513600e-03 5.772197619080543518e-04 0.000000000000000000e+00 9.994227886199951172e-01 2.226288085937500000e+04
1.823999999999999844e+01 3.145946503364617683e+02 1.101808696508779816e-03 6.888499483466148376e-04 0.000000000000000000e+00 9.993111491203308105e-01 2.223857031250000000e+04
1.830000000000000071e+01 3.146063981470654198e+02 1.075820630477542254e-03 6.199951167218387127e-04 0.000000000000000000e+00 9.993799328804016113e-01 2.221615625000000000e+04
1.835999999999999943e+01 3.146179835866714143e+02 1.054017003319267362e-03 7.380208116956055164e-04 0.000000000000000000e+00 9.992619156837463379e-01 2.220002734375000000e+04
1.841999999999999815e+01 3.146294449647643887e+02 1.035937162104186857e-03 5.249695968814194202e-04 0.000000000000000000e+00 9.994751214981079102e-01 2.216935156250000000e+04
1.848000000000000043e+01 3.146406047537000745e+02 1.002128178739871995e-03 7.094166358001530170e-04 0.000000000000000000e+00 9.992905855178833008e-01 2.215503125000000000e+04
1.853999999999999915e+01 3.146517590746169049e+02 9.951540951643027006e-04 8.233267581090331078e-04 0.000000000000000000e+00 9.991766810417175293e-01 2.214200781250000000e+04
1.859999999999999787e+01 3.146627362195274031e+02 9.730286528138858701e-04 6.635227473452687263e-04 0.000000000000000000e+00 9.993364810943603516e-01 2.212416406250000000e+04
1.866000000000000014e+01 3.146735139447064853e+02 9.492081035023131616e-04 7.051824359223246574e-04 0.000000000000000000e+00 9.992948770523071289e-01 2.209879687500000000e+04
1.871999999999999886e+01 3.146841292102636771e+02 9.289071472613676800e-04 8.651362149976193905e-04 0.000000000000000000e+00 9.991348981857299805e-01 2.207975390625000000e+04
1.877999999999999758e+01 3.146946941620432767e+02 9.185969973566170382e-04 6.294614868238568306e-04 0.000000000000000000e+00 9.993705749511718750e-01 2.206852148437500000e+04
1.883999999999999986e+01 3.147049910608309347e+02 8.895879706819528453e-04 7.996211061254143715e-04 0.000000000000000000e+00 9.992004036903381348e-01 2.206046093750000000e+04
1.889999999999999858e+01 3.147152261818699230e+02 8.786364860788409368e-04 7.735072285868227482e-04 0.000000000000000000e+00 9.992264509201049805e-01 2.202699804687500000e+04
1.896000000000000085e+01 3.147253244804618930e+02 8.614042963414604527e-04 8.780660573393106461e-04 0.000000000000000000e+00 9.991220235824584961e-01 2.202239453125000000e+04
1.901999999999999957e+01 3.147352366777313364e+02 8.401949423257305209e-04 8.945517474785447121e-04 0.000000000000000000e+00 9.991054534912109375e-01 2.201631250000000000e+04
1.907999999999999829e+01 3.147450624339907677e+02 8.276297333193106303e-04 8.057334343902766705e-04 0.000000000000000000e+00 9.991942644119262695e-01 2.198041796875000000e+04
1.914000000000000057e+01 3.147547080801152219e+02 8.073651717430245251e-04 8.864409173838794231e-04 0.000000000000000000e+00 9.991135001182556152e-01 2.197493164062500000e+04
1.919999999999999929e+01 3.147643201014500391e+02 7.995222657278303578e-04 5.930279148742556572e-04 0.000000000000000000e+00 9.994070529937744141e-01 2.195180664062500000e+04
1.925999999999999801e+01 3.147737105793999035e+02 7.762278015319167869e-04 9.442515438422560692e-04 0.000000000000000000e+00 9.990557432174682617e-01 2.194409765625000000e+04
1.932000000000000028e+01 3.147829965713058868e+02 7.628232341870878376e-04 9.548762463964521885e-04 0.000000000000000000e+00 9.990451931953430176e-01 2.193308203125000000e+04
1.937999999999999901e+01 3.147922246696815023e+02 7.533735107807363902e-04 1.029500155709683895e-03 0.000000000000000000e+00 9.989705681800842285e-01 2.192009375000000000e+04
1.943999999999999773e+01 3.148012520284920015e+02 7.324360387035622113e-04 8.419143268838524818e-04 0.000000000000000000e+00 9.991581439971923828e-01 2.189611914062500000e+04
1.950000000000000000e+01 3.148102562144525223e+02 7.260601918139388076e-04 1.160611398518085480e-03 0.000000000000000000e+00 9.988394379615783691e-01 2.189770312500000000e+04
1.955999999999999872e+01 3.148190302671498557e+02 7.031627036594963534e-04 1.010590349324047565e-03 0.000000000000000000e+00 9.989894032478332520e-01 2.188659375000000000e+04
1.962000000000000099e+01 3.148277679543775776e+02 6.959654819461126790e-04 1.051039085723459721e-03 0.000000000000000000e+00 9.989489912986755371e-01 2.186538867187500000e+04
1.967999999999999972e+01 3.148364134485976820e+02 6.844233142514722593e-04 1.172134652733802795e-03 0.000000000000000000e+00 9.988278746604919434e-01 2.185480859375000000e+04
1.973999999999999844e+01 3.148448682711540982e+02 6.652598759291955717e-04 6.741947727277874947e-04 0.000000000000000000e+00 9.993257522583007812e-01 2.183469921875000000e+04
1.980000000000000071e+01 3.148532765993507496e+02 6.575918165127223568e-04 9.415593813173472881e-04 0.000000000000000000e+00 9.990584254264831543e-01 2.184155468750000000e+04
1.985999999999999943e+01 3.148616219814837791e+02 6.487253738567388137e-04 9.486611816100776196e-04 0.000000000000000000e+00 9.990513324737548828e-01 2.181307031250000000e+04
1.991999999999999815e+01 3.148697388027187003e+02 6.271573301209304148e-04 9.363595163449645042e-04 0.000000000000000000e+00 9.990636110305786133e-01 2.181809960937500000e+04
1.998000000000000043e+01 3.148778412573012702e+02 6.222872386808823639e-04 1.055272296071052551e-03 0.000000000000000000e+00 9.989447593688964844e-01 2.179827539062500000e+04
2.003999999999999915e+01 3.148859038500459633e+02 6.155178298470015495e-04 8.248252561315894127e-04 0.000000000000000000e+00 9.991752505302429199e-01 2.178274804687500000e+04
2.009999999999999787e+01 3.148938104789425552e+02 6.000075344234263603e-04 8.811476873233914375e-04 0.000000000000000000e+00 9.991188645362854004e-01 2.178199414062500000e+04
2.016000000000000014e+01 3.149014976218701349e+02 5.798791608077981169e-04 1.359459711238741875e-03 0.000000000000000000e+00 9.986405372619628906e-01 2.177639257812500000e+04
2.021999999999999886e+01 3.149092727229018465e+02 5.830334884279550359e-04 1.140431850217282772e-03 0.000000000000000000e+00 9.988595843315124512e-01 2.176705859375000000e+04
2.027999999999999758e+01 3.149168871391783568e+02 5.676055848909044785e-04 1.372444210574030876e-03 0.000000000000000000e+00 9.986276030540466309e-01 2.175950976562500000e+04
2.033999999999999986e+01 3.149244454086792189e+02 5.600962018339465274e-04 1.298843068070709705e-03 0.000000000000000000e+00 9.987010955810546875e-01 2.175005273437500000e+04
2.039999999999999858e+01 3.149318786298888995e+02 5.475894880042728608e-04 9.372662752866744995e-04 0.000000000000000000e+00 9.990627169609069824e-01 2.174506835937500000e+04
2.046000000000000085e+01 3.149392138026985890e+02 5.371971766452588587e-04 1.683726790361106396e-03 0.000000000000000000e+00 9.983162879943847656e-01 2.173275000000000000e+04
2.051999999999999957e+01 3.149464455581962739e+02 5.265261244890741396e-04 9.195872698910534382e-04 0.000000000000000000e+00 9.990804195404052734e-01 2.172527539062500000e+04
2.057999999999999829e+01 3.149536513896815677e+02 5.215795527814539537e-04 1.318422262556850910e-03 0.000000000000000000e+00 9.986815452575683594e-01 2.171790429687500000e+04
2.064000000000000057e+01 3.149608194891690118e+02 5.158318464190647353e-04 7.952173473313450813e-04 0.000000000000000000e+00 9.992048144340515137e-01 2.169360351562500000e+04
2.069999999999999929e+01 3.149678427766887694e+02 5.024809561281187633e-04 1.487958594225347042e-03 0.000000000000000000e+00 9.985120296478271484e-01 2.170279296875000000e+04
2.075999999999999801e+01 3.149747852251065297e+02 4.938262495111947438e-04 1.185981906019151211e-03 0.000000000000000000e+00 9.988140463829040527e-01 2.166752148437500000e+04
2.082000000000000028e+01 3.149817155320067741e+02 4.901213309260073463e-04 9.595866431482136250e-04 0.000000000000000000e+00 9.990403652191162109e-01 2.167081054687500000e+04
2.087999999999999901e+01 3.149885043756005416e+02 4.773575566457660788e-04 1.352756284177303314e-03 0.000000000000000000e+00 9.986472725868225098e-01 2.166994140625000000e+04
2.093999999999999773e+01 3.149951966402410335e+02 4.678699578985731676e-04 8.990790229290723801e-04 0.000000000000000000e+00 9.991009235382080078e-01 2.164469921875000000e+04
2.100000000000000000e+01 3.150018648839074444e+02 4.635266632619511329e-04 1.234750612638890743e-03 0.000000000000000000e+00 9.987652897834777832e-01 2.163069726562500000e+04
2.105999999999999872e+01 3.150085386846932920e+02 4.612695813659402431e-04 1.613329397514462471e-03 0.000000000000000000e+00 9.983866214752197266e-01 2.162725976562500000e+04
2.111999999999999744e+01 3.150150476363388066e+02 4.473196844233648839e-04 1.410926226526498795e-03 0.000000000000000000e+00 9.985890984535217285e-01 2.162173828125000000e+04
2.117999999999999972e+01 3.150214713853308695e+02 4.389630299157753742e-04 1.281746546737849712e-03 0.000000000000000000e+00 9.987182617187500000e-01 2.157571484375000000e+04
2.123999999999999844e+01 3.150278746135288088e+02 4.350886657143359032e-04 1.236398238688707352e-03 0.000000000000000000e+00 9.987635612487792969e-01 2.157084375000000000e+04
2.130000000000000071e+01 3.150341526847993805e+02 4.241811750878774477e-04 1.109721022658050060e-03 0.000000000000000000e+00 9.988902807235717773e-01 2.156027734375000000e+04
2.135999999999999943e+01 3.150404352568460240e+02 4.221005299457509792e-04 1.310548861511051655e-03 0.000000000000000000e+00 9.986894130706787109e-01 2.155441210937500000e+04
2.141999999999999815e+01 3.150465936525493476e+02 4.114396613646405590e-04 9.255977347493171692e-04 0.000000000000000000e+00 9.990743398666381836e-01 2.152931250000000000e+04
2.148000000000000043e+01 3.150527469414013808e+02 4.088018413806413518e-04 1.698337495326995850e-03 0.000000000000000000e+00 9.983017444610595703e-01 2.153347265625000000e+04
2.153999999999999915e+01 3.150588043321819214e+02 4.001887787219906428e-04 1.568386214785277843e-03 0.000000000000000000e+00 9.984316825866699219e-01 2.149009375000000000e+04
2.159999999999999787e+01 3.150647712252504107e+02 3.920198893888838989e-04 7.430142723023891449e-04 0.000000000000000000e+00 9.992570281028747559e-01 2.147054296875000000e+04
2.166000000000000014e+01 3.150706794891122513e+02 3.860174897792694967e-04 1.500774757005274296e-03 0.000000000000000000e+00 9.984992146492004395e-01 2.148450000000000000e+04
2.171999999999999886e+01 3.150765481998914765e+02 3.813148714463567013e-04 1.241087797097861767e-03 0.000000000000000000e+00 9.987589716911315918e-01 2.146159179687500000e+04
2.177999999999999758e+01 3.150823780141697625e+02 3.767006231193013237e-04 1.901212614029645920e-03 0.000000000000000000e+00 9.980988502502441406e-01 2.143596289062500000e+04
2.183999999999999986e+01 3.150881368518870431e+02 3.700698059169241758e-04 1.869654865004122257e-03 0.000000000000000000e+00 9.981303811073303223e-01 2.142189257812500000e+04
2.189999999999999858e+01 3.150938432269277314e+02 3.646891897532919817e-04 9.434219682589173317e-04 0.000000000000000000e+00 9.990564584732055664e-01 2.138010351562500000e+04
2.196000000000000085e+01 3.150994912919995841e+02 3.589901845847228356e-04 1.401708344928920269e-03 0.000000000000000000e+00 9.985982775688171387e-01 2.138144140625000000e+04
2.201999999999999957e+01 3.151050772719968336e+02 3.531092261376676702e-04 1.077138585969805717e-03 0.000000000000000000e+00 9.989228248596191406e-01 2.136286718750000000e+04
2.207999999999999829e+01 3.151105952395795384e+02 3.469142234026081862e-04 1.262585865333676338e-03 0.000000000000000000e+00 9.987373948097229004e-01 2.133826953125000000e+04
2.214000000000000057e+01 3.151161324972233047e+02 3.462401256342750020e-04 1.601329306140542030e-03 0.000000000000000000e+00 9.983986616134643555e-01 2.131194921875000000e+04
2.219999999999999929e+01 3.151215877808033383e+02 3.392704985704575113e-04 1.625391771085560322e-03 0.000000000000000000e+00 9.983746409416198730e-01 2.128751953125000000e+04
2.225999999999999801e+01 3.151269136091815426e+02 3.294339817190958426e-04 1.724360976368188858e-03 0.000000000000000000e+00 9.982756376266479492e-01 2.127929882812500000e+04
2.232000000000000028e+01 3.151323150664155719e+02 3.323157765825193928e-04 7.035381859168410301e-04 0.000000000000000000e+00 9.992966055870056152e-01 2.123134179687500000e+04
2.237999999999999901e+01 3.151376047203903568e+02 3.236922971159422995e-04 1.197347184643149376e-03 0.000000000000000000e+00 9.988025426864624023e-01 2.121547070312500000e+04
2.243999999999999773e+01 3.151429059160014958e+02 3.226638223627122668e-04 1.135003403760492802e-03 0.000000000000000000e+00 9.988650083541870117e-01 2.120565625000000000e+04
2.250000000000000000e+01 3.151480924814314335e+02 3.140030562426695203e-04 1.343260402791202068e-03 0.000000000000000000e+00 9.986567497253417969e-01 2.118640625000000000e+04
2.255999999999999872e+01 3.151532052886435622e+02 3.078911417099298932e-04 1.548452768474817276e-03 0.000000000000000000e+00 9.984515309333801270e-01 2.115252734375000000e+04
2.261999999999999744e+01 3.151583788244079756e+02 3.098954184261014117e-04 1.346643432043492794e-03 0.000000000000000000e+00 9.986534118652343750e-01 2.113744726562500000e+04
2.267999999999999972e+01 3.151634733092783449e+02 3.035456595280803236e-04 1.367539167404174805e-03 0.000000000000000000e+00 9.986324310302734375e-01 2.110933398437500000e+04
2.273999999999999844e+01 3.151684942979916855e+02 2.975878125558148240e-04 1.198344631120562553e-03 0.000000000000000000e+00 9.988016486167907715e-01 2.110553710937500000e+04
2.280000000000000071e+01 3.151734672542863223e+02 2.931897255177218697e-04 9.551992989145219326e-04 0.000000000000000000e+00 9.990447163581848145e-01 2.107738085937500000e+04
2.285999999999999943e+01 3.151783910679770884e+02 2.887685922237315456e-04 9.647327242419123650e-04 0.000000000000000000e+00 9.990352988243103027e-01 2.104663867187500000e+04
2.291999999999999815e+01 3.151833448862059299e+02 2.890071916901342311e-04 7.031856221146881580e-04 0.000000000000000000e+00 9.992967247962951660e-01 2.103040039062500000e+04
2.298000000000000043e+01 3.151882186901097498e+02 2.828543365017697803e-04 1.104582683183252811e-03 0.000000000000000000e+00 9.988954663276672363e-01 2.099437695312500000e+04
2.303999999999999915e+01 3.151930750479079393e+02 2.803739176445759341e-04 8.477153023704886436e-04 0.000000000000000000e+00 9.991523027420043945e-01 2.096411914062500000e+04
2.309999999999999787e+01 3.151978222421143414e+02 2.726477902226651291e-04 1.667709322646260262e-03 0.000000000000000000e+00 9.983322620391845703e-01 2.097016992187500000e+04
2.316000000000000014e+01 3.152025970003575708e+02 2.728100059948336564e-04 1.326465629972517490e-03 0.000000000000000000e+00 9.986736178398132324e-01 2.095118554687500000e+04
2.321999999999999886e+01 3.152073613071375462e+02 2.708060708352910922e-04 1.063500298187136650e-03 0.000000000000000000e+00 9.989364743232727051e-01 2.089813867187500000e+04
2.327999999999999758e+01 3.152120137201280841e+02 2.630828398785053793e-04 6.806739256717264652e-04 0.000000000000000000e+00 9.993193745613098145e-01 2.089126562500000000e+04
2.333999999999999986e+01 3.152166614674825951e+02 2.614677577407990708e-04 1.158307306468486786e-03 0.000000000000000000e+00 9.988416433334350586e-01 2.084425000000000000e+04
2.339999999999999858e+01 3.152213136741597737e+02 2.603764814705432731e-04 9.529857197776436806e-04 0.000000000000000000e+00 9.990469813346862793e-01 2.083969140625000000e+04
2.346000000000000085e+01 3.152258364642296442e+02 2.518384469559546658e-04 6.301638204604387283e-04 0.000000000000000000e+00 9.993698000907897949e-01 2.081898046875000000e+04
2.351999999999999957e+01 3.152304064004761130e+02 2.531653639754886031e-04 7.622543489560484886e-04 0.000000000000000000e+00 9.992377161979675293e-01 2.079523242187500000e+04
2.357999999999999829e+01 3.152349060448551086e+02 2.480027808852638830e-04 7.037836476229131222e-04 0.000000000000000000e+00 9.992962479591369629e-01 2.077844726562500000e+04
2.364000000000000057e+01 3.152393898593292079e+02 2.458758326882370471e-04 5.650146631523966789e-04 0.000000000000000000e+00 9.994350075721740723e-01 2.074652929687500000e+04
2.369999999999999929e+01 3.152438291911179249e+02 2.422039788694272452e-04 6.420107092708349228e-04 0.000000000000000000e+00 9.993579387664794922e-01 2.070142382812500000e+04
2.375999999999999801e+01 3.152482997653248731e+02 2.426766646359695436e-04 7.791960961185395718e-04 0.000000000000000000e+00 9.992207884788513184e-01 2.071036132812500000e+04
2.382000000000000028e+01 3.152526629365124791e+02 2.356533160803111777e-04 5.806375411339104176e-04 0.000000000000000000e+00 9.994194507598876953e-01 2.067190820312500000e+04
2.387999999999999901e+01 3.152569869510441549e+02 2.323649213695503301e-04 5.126586183905601501e-04 0.000000000000000000e+00 9.994874000549316406e-01 2.064303515625000000e+04
2.393999999999999773e+01 3.152612979864165368e+02 2.305062063376262438e-04 6.611169665120542049e-04 0.000000000000000000e+00 9.993388652801513672e-01 2.062478125000000000e+04
2.400000000000000000e+01 3.152656865103238033e+02 2.334761863292767001e-04 5.772831500507891178e-04 0.000000000000000000e+00 9.994227290153503418e-01 2.060155664062500000e+04
2.405999999999999872e+01 3.152699599328169029e+02 2.262186890886088819e-04 3.705199051182717085e-04 0.000000000000000000e+00 9.996294975280761719e-01 2.057196875000000000e+04
2.411999999999999744e+01 3.152741431272823434e+02 2.203406603987965420e-04 5.299163749441504478e-04 0.000000000000000000e+00 9.994701147079467773e-01 2.056096875000000000e+04
2.417999999999999972e+01 3.152783436091874592e+02 2.201532198666955196e-04 3.769539180211722851e-04 0.000000000000000000e+00 9.996231794357299805e-01 2.050120312500000000e+04
2.423999999999999844e+01 3.152825168539171159e+02 2.176428826492853811e-04 3.035313275177031755e-04 0.000000000000000000e+00 9.996965527534484863e-01 2.053592382812500000e+04
2.430000000000000071e+01 3.152866889484378135e+02 2.165084157503034277e-04 5.313262226991355419e-04 0.000000000000000000e+00 9.994686245918273926e-01 2.048418164062500000e+04
2.435999999999999943e+01 3.152908381416989982e+02 2.142592808717673687e-04 3.052907704841345549e-04 0.000000000000000000e+00 9.996946454048156738e-01 2.046976757812500000e+04
2.441999999999999815e+01 3.152949306983688871e+02 2.102961390118599460e-04 6.190313724800944328e-04 0.000000000000000000e+00 9.993809461593627930e-01 2.042355468750000000e+04
2.448000000000000043e+01 3.152989908871883813e+02 2.076102077891934302e-04 4.679747216869145632e-04 0.000000000000000000e+00 9.995319843292236328e-01 2.038526562500000000e+04
2.453999999999999915e+01 3.153030425313946807e+02 2.061602245548711083e-04 1.563205441925674677e-04 0.000000000000000000e+00 9.998437166213989258e-01 2.036841796875000000e+04
2.459999999999999787e+01 3.153070635492639440e+02 2.036038056547420118e-04 3.937779401894658804e-04 0.000000000000000000e+00 9.996062517166137695e-01 2.038996679687500000e+04
2.466000000000000014e+01 3.153110708570624183e+02 2.019222050172344944e-04 5.531752249225974083e-04 0.000000000000000000e+00 9.994468688964843750e-01 2.035671093750000000e+04
2.471999999999999886e+01 3.153150863116180744e+02 2.013505121642632993e-04 5.520528648048639297e-04 0.000000000000000000e+00 9.994480013847351074e-01 2.034341015625000000e+04
2.477999999999999758e+01 3.153189976653592907e+02 1.951807097558273644e-04 4.857821331825107336e-04 0.000000000000000000e+00 9.995142221450805664e-01 2.030133007812500000e+04
2.483999999999999986e+01 3.153229029883656267e+02 1.939383233456918817e-04 1.621774281375110149e-04 0.000000000000000000e+00 9.998378157615661621e-01 2.028841210937500000e+04
2.489999999999999858e+01 3.153268112640830623e+02 1.931496075993351200e-04 5.671921535395085812e-04 0.000000000000000000e+00 9.994328022003173828e-01 2.027732617187500000e+04
2.496000000000000085e+01 3.153307217160967184e+02 1.923280424446050332e-04 4.858941538259387016e-04 0.000000000000000000e+00 9.995141625404357910e-01 2.023929296875000000e+04
2.501999999999999957e+01 3.153345579860687167e+02 1.877746056447584199e-04 1.650966296438127756e-04 0.000000000000000000e+00 9.998348951339721680e-01 2.024312109375000000e+04
2.507999999999999829e+01 3.153383818374534258e+02 1.862712178092964838e-04 2.484492142684757710e-04 0.000000000000000000e+00 9.997516274452209473e-01 2.024978125000000000e+04
2.514000000000000057e+01 3.153421680449880000e+02 1.835571053501844861e-04 1.672795915510505438e-04 0.000000000000000000e+00 9.998326897621154785e-01 2.020133593750000000e+04
2.519999999999999929e+01 3.153459875173358569e+02 1.842880397203185681e-04 0.000000000000000000e+00 0.000000000000000000e+00 1.000000000000000000e+00 2.014214453125000000e+04
2.525999999999999801e+01 3.153497178206201852e+02 1.791306302590448245e-04 3.395730454940348864e-04 0.000000000000000000e+00 9.996604919433593750e-01 2.014111132812500000e+04
2.532000000000000028e+01 3.153534727709657659e+02 1.794596238071683055e-04 8.433603215962648392e-05 0.000000000000000000e+00 9.999155998229980469e-01 2.013559960937500000e+04
2.537999999999999901e+01 3.153572216009993667e+02 1.783199926365690226e-04 1.689474447630345821e-04 0.000000000000000000e+00 9.998310208320617676e-01 2.011901953125000000e+04
2.543999999999999773e+01 3.153609002530428143e+02 1.741564629773268498e-04 1.721704611554741859e-04 0.000000000000000000e+00 9.998278617858886719e-01 2.010262304687500000e+04
2.550000000000000000e+01 3.153645677689294757e+02 1.728121725318022925e-04 0.000000000000000000e+00 0.000000000000000000e+00 1.000000000000000000e+00 2.008057617187500000e+04
2.555999999999999872e+01 3.153682456876790070e+02 1.724887275254855402e-04 1.722047891234979033e-04 0.000000000000000000e+00 9.998278021812438965e-01 2.004917578125000000e+04
2.561999999999999744e+01 3.153718477169412608e+02 1.681383893751902346e-04 5.274987197481095791e-04 0.000000000000000000e+00 9.994724988937377930e-01 2.007031835937500000e+04
2.567999999999999972e+01 3.153754701416849002e+02 1.683002851543725789e-04 8.742144564166665077e-05 0.000000000000000000e+00 9.999126195907592773e-01 2.004294140625000000e+04
2.573999999999999844e+01 3.153790862645797120e+02 1.672242467180800175e-04 1.751475938363000751e-04 0.000000000000000000e+00 9.998248815536499023e-01 2.002658789062500000e+04
2.580000000000000071e+01 3.153826571429067940e+02 1.643638994678357150e-04 8.868339500622823834e-05 0.000000000000000000e+00 9.999113082885742188e-01 1.998944726562500000e+04
2.585999999999999943e+01 3.153862345858582330e+02 1.639019521681515229e-04 2.655619755387306213e-04 0.000000000000000000e+00 9.997344613075256348e-01 2.000507031250000000e+04
2.591999999999999815e+01 3.153897408699972402e+02 1.598980726349651875e-04 1.806343207135796547e-04 0.000000000000000000e+00 9.998192787170410156e-01 1.996225195312500000e+04
2.598000000000000043e+01 3.153932399598511438e+02 1.588329470880094714e-04 1.810057001421228051e-04 0.000000000000000000e+00 9.998189210891723633e-01 1.996842187500000000e+04
2.603999999999999915e+01 3.153967734061209285e+02 1.596533411897471612e-04 4.481143841985613108e-04 0.000000000000000000e+00 9.995519518852233887e-01 1.995769726562500000e+04
2.609999999999999787e+01 3.154002559008523008e+02 1.566277218078346160e-04 9.093412518268451095e-05 0.000000000000000000e+00 9.999091625213623047e-01 1.995349804687500000e+04
2.616000000000000014e+01 3.154037295131502106e+02 1.555115859451711494e-04 2.734999579843133688e-04 0.000000000000000000e+00 9.997264742851257324e-01 1.993967578125000000e+04
2.621999999999999886e+01 3.154071445529419293e+02 1.521896080783698049e-04 3.709211305249482393e-04 0.000000000000000000e+00 9.996291399002075195e-01 1.992548828125000000e+04
2.627999999999999758e+01 3.154105459300720327e+02 1.508885898421092470e-04 3.724110720213502645e-04 0.000000000000000000e+00 9.996275901794433594e-01 1.991412890625000000e+04
2.633999999999999986e+01 3.154139235380447417e+02 1.491515509510997473e-04 9.375795343657955527e-05 0.000000000000000000e+00 9.999061822891235352e-01 1.989791015625000000e+04
2.639999999999999858e+01 3.154173706860084394e+02 1.515304438501383457e-04 2.755996538326144218e-04 0.000000000000000000e+00 9.997242689132690430e-01 1.988365625000000000e+04
2.645999999999999730e+01 3.154207684648048371e+02 1.486828941244944388e-04 9.320136450696736574e-05 0.000000000000000000e+00 9.999066591262817383e-01 1.986839062500000000e+04
2.651999999999999957e+01 3.154240903395814826e+02 1.447036786147453573e-04 2.859929809346795082e-04 0.000000000000000000e+00 9.997140765190124512e-01 1.990051757812500000e+04
2.657999999999999829e+01 3.154274299098980237e+02 1.448177426336580388e-04 1.896517205750569701e-04 0.000000000000000000e+00 9.998103380203247070e-01 1.986568164062500000e+04
2.664000000000000057e+01 3.154307326980681978e+02 1.425775685878976989e-04 2.876457001548260450e-04 0.000000000000000000e+00 9.997123479843139648e-01 1.982134179687500000e+04
2.669999999999999929e+01 3.154339725306452351e+02 1.392312654799996872e-04 2.932351490017026663e-04 0.000000000000000000e+00 9.997067451477050781e-01 1.981288867187500000e+04
2.675999999999999801e+01 3.154372853652754998e+02 1.417300937887360683e-04 9.559113095747306943e-05 0.000000000000000000e+00 9.999043345451354980e-01 1.979190039062500000e+04
2.682000000000000028e+01 3.154406053520228284e+02 1.414005694223839410e-04 9.538520680507645011e-05 0.000000000000000000e+00 9.999046325683593750e-01 1.983158007812500000e+04
2.687999999999999901e+01 3.154438807919989927e+02 1.388805096092357767e-04 0.000000000000000000e+00 0.000000000000000000e+00 1.000000000000000000e+00 1.982347070312500000e+04
2.693999999999999773e+01 3.154470876577973968e+02 1.353672566022825065e-04 0.000000000000000000e+00 0.000000000000000000e+00 1.000000000000000000e+00 1.978950390625000000e+04
2.700000000000000000e+01 3.154502691418111908e+02 1.336989788741737141e-04 1.990754099097102880e-04 0.000000000000000000e+00 9.998009800910949707e-01 1.977203906250000000e+04
2.705999999999999872e+01 3.154534407494662105e+02 1.326928752551436808e-04 1.996953360503539443e-04 0.000000000000000000e+00 9.998002648353576660e-01 1.972917773437500000e+04
2.711999999999999744e+01 3.154566561741720534e+02 1.339308341686928471e-04 0.000000000000000000e+00 0.000000000000000000e+00 1.000000000000000000e+00 1.979576562500000000e+04
2.717999999999999972e+01 3.154598665268092645e+02 1.331291968530884146e-04 1.972852478502318263e-04 0.000000000000000000e+00 9.998025894165039062e-01 1.977014257812500000e+04
2.723999999999999844e+01 3.154630238192711431e+02 1.303520814113086855e-04 0.000000000000000000e+00 0.000000000000000000e+00 1.000000000000000000e+00 1.974657031250000000e+04
2.730000000000000071e+01 3.154661724499071624e+02 1.294230656443518901e-04 2.011525939451530576e-04 0.000000000000000000e+00 9.997988343238830566e-01 1.971408398437500000e+04
2.735999999999999943e+01 3.154693030424182894e+02 1.281172243741925858e-04 0.000000000000000000e+00 0.000000000000000000e+00 1.000000000000000000e+00 1.972363281250000000e+04
2.741999999999999815e+01 3.154724074076411853e+02 1.264879017708941196e-04 2.040208491962403059e-04 0.000000000000000000e+00 9.997960329055786133e-01 1.972884765625000000e+04
2.748000000000000043e+01 3.154755031641651044e+02 1.255863225088098463e-04 2.045881992671638727e-04 0.000000000000000000e+00 9.997953772544860840e-01 1.969908984375000000e+04
2.753999999999999915e+01 3.154785737957240030e+02 1.240242967717558012e-04 1.031311039696447551e-04 0.000000000000000000e+00 9.998968839645385742e-01 1.978285546875000000e+04
2.759999999999999787e+01 3.154816526476553804e+02 1.238156427927261031e-04 2.057114907074719667e-04 0.000000000000000000e+00 9.997941851615905762e-01 1.971997070312500000e+04
2.766000000000000014e+01 3.154847096415675765e+02 1.224032785278040788e-04 1.035911845974624157e-04 0.000000000000000000e+00 9.998964071273803711e-01 1.969450195312500000e+04
2.771999999999999886e+01 3.154877606335715541e+02 1.216341165304287878e-04 0.000000000000000000e+00 0.000000000000000000e+00 1.000000000000000000e+00 1.970566601562500000e+04
2.777999999999999758e+01 3.154908018209261513e+02 1.207195058152921245e-04 1.041295981849543750e-04 0.000000000000000000e+00 9.998957514762878418e-01 1.968580859375000000e+04
2.783999999999999986e+01 3.154937964636528704e+02 1.183595451519801000e-04 0.000000000000000000e+00 0.000000000000000000e+00 1.000000000000000000e+00 1.970643945312500000e+04
2.789999999999999858e+01 3.154968211080588389e+02 1.190311517248955928e-04 1.046991237672045827e-04 0.000000000000000000e+00 9.998953342437744141e-01 1.962560546875000000e+04
2.795999999999999730e+01 3.154998061669820117e+02 1.169691373143848088e-04 0.000000000000000000e+00 0.000000000000000000e+00 1.000000000000000000e+00 1.968916992187500000e+04
2.801999999999999957e+01 3.155027596161253314e+02 1.152348791620306395e-04 3.216689219698309898e-04 0.000000000000000000e+00 9.996783733367919922e-01 1.969797070312500000e+04
2.807999999999999829e+01 3.155057319770090771e+02 1.154771501979043991e-04 0.000000000000000000e+00 0.000000000000000000e+00 1.000000000000000000e+00 1.963968554687500000e+04
2.814000000000000057e+01 3.155087131950730850e+02 1.153273479053552566e-04 2.124484744854271412e-04 0.000000000000000000e+00 9.997875094413757324e-01 1.965489648437500000e+04
2.819999999999999929e+01 3.155116403723777694e+02 1.127549425806377396e-04 1.081853188225068152e-04 0.000000000000000000e+00 9.998919367790222168e-01 1.962746484375000000e+04
2.825999999999999801e+01 3.155145751039438551e+02 1.125659084475801725e-04 1.079068460967391729e-04 0.000000000000000000e+00 9.998921155929565430e-01 1.961736718750000000e+04
2.832000000000000028e+01 3.155175461523792251e+02 1.134760189739104512e-04 2.131756627932190895e-04 0.000000000000000000e+00 9.997867941856384277e-01 1.959573632812500000e+04
2.837999999999999901e+01 3.155203773217850767e+02 1.076762655988641813e-04 1.118539948947727680e-04 0.000000000000000000e+00 9.998881816864013672e-01 1.964206054687500000e+04
2.843999999999999773e+01 3.155232828616781831e+02 1.100384921996807854e-04 0.000000000000000000e+00 0.000000000000000000e+00 1.000000000000000000e+00 1.957433593750000000e+04
2.850000000000000000e+01 3.155261789125860901e+02 1.092173195652912295e-04 3.280442324467003345e-04 0.000000000000000000e+00 9.996719360351562500e-01 1.961996093750000000e+04
2.855999999999999872e+01 3.155290587736128600e+02 1.081504284274428411e-04 4.398512537591159344e-04 0.000000000000000000e+00 9.995601773262023926e-01 1.959979882812500000e+04
2.861999999999999744e+01 3.155319439711515201e+02 1.078965354985458137e-04 1.097594213206321001e-04 0.000000000000000000e+00 9.998902678489685059e-01 1.960328906250000000e+04
2.867999999999999972e+01 3.155347899584308493e+02 1.059848916794644576e-04 1.112716199713759124e-04 0.000000000000000000e+00 9.998887777328491211e-01 1.956924804687500000e+04
2.873999999999999844e+01 3.155376340043157484e+02 1.054703707983149633e-04 1.113475736929103732e-04 0.000000000000000000e+00 9.998886585235595703e-01 1.957620898437500000e+04
2.879999999999999716e+01 3.155404584115986495e+02 1.043056559352620099e-04 0.000000000000000000e+00 0.000000000000000000e+00 1.000000000000000000e+00 1.954254882812500000e+04
2.885999999999999943e+01 3.155432315640672982e+02 1.019869780147518082e-04 0.000000000000000000e+00 0.000000000000000000e+00 1.000000000000000000e+00 1.962154687500000000e+04
2.891999999999999815e+01 3.155461062906072698e+02 1.052838398066133175e-04 3.304776328150182962e-04 0.000000000000000000e+00 9.996694922447204590e-01 1.955687109375000000e+04
2.898000000000000043e+01 3.155489101687578568e+02 1.022638789429691406e-04 1.129427182604558766e-04 0.000000000000000000e+00 9.998870491981506348e-01 1.956252148437500000e+04
2.903999999999999915e+01 3.155516396216265775e+02 9.913805725516354006e-05 0.000000000000000000e+00 0.000000000000000000e+00 1.000000000000000000e+00 1.958103515625000000e+04
2.909999999999999787e+01 3.155544450456978893e+02 1.014772567472843666e-04 0.000000000000000000e+00 0.000000000000000000e+00 1.000000000000000000e+00 1.955039843750000000e+04
2.916000000000000014e+01 3.155572103494440057e+02 9.961440292745085668e-05 1.145182031905278563e-04 0.000000000000000000e+00 9.998854994773864746e-01 1.953222070312500000e+04
2.921999999999999886e+01 3.155599552712883451e+02 9.847410844106098730e-05 1.153685370809398592e-04 0.000000000000000000e+00 9.998846650123596191e-01 1.951619335937500000e+04
2.927999999999999758e+01 3.155627523987513428e+02 9.993572815933122327e-05 1.132152974605560303e-04 0.000000000000000000e+00 9.998868107795715332e-01 1.951790429687500000e+04
2.933999999999999986e+01 3.155654759490567471e+02 9.690898163365095305e-05 0.000000000000000000e+00 0.000000000000000000e+00 1.000000000000000000e+00 1.955341601562500000e+04
2.939999999999999858e+01 3.155682111141372843e+02 9.692502377151715541e-05 0.000000000000000000e+00 0.000000000000000000e+00 1.000000000000000000e+00 1.949178515625000000e+04
2.945999999999999730e+01 3.155708912452478785e+02 9.458794330844419538e-05 0.000000000000000000e+00 0.000000000000000000e+00 1.000000000000000000e+00 1.950796289062500000e+04
2.951999999999999957e+01 3.155736055590994624e+02 9.540492293836873913e-05 0.000000000000000000e+00 0.000000000000000000e+00 1.000000000000000000e+00 1.952614257812500000e+04
2.957999999999999829e+01 3.155762932930717852e+02 9.408742397348236178e-05 2.356465556658804417e-04 0.000000000000000000e+00 9.997642040252685547e-01 1.948531640625000000e+04
2.964000000000000057e+01 3.155790114051380328e+02 9.476562083504226164e-05 0.000000000000000000e+00 0.000000000000000000e+00 1.000000000000000000e+00 1.950565429687500000e+04
2.969999999999999929e+01 3.155816687779313270e+02 9.227364164444591134e-05 3.575083101168274879e-04 0.000000000000000000e+00 9.996425509452819824e-01 1.956989453125000000e+04
2.975999999999999801e+01 3.155843806014901247e+02 9.378467559873663142e-05 1.167766313301399350e-04 0.000000000000000000e+00 9.998832345008850098e-01 1.945425195312500000e+04
2.982000000000000028e+01 3.155870016123873256e+02 9.027928073982677899e-05 0.000000000000000000e+00 0.000000000000000000e+00 1.000000000000000000e+00 1.946386132812500000e+04
2.987999999999999901e+01 3.155896681363455514e+02 9.147809035949986496e-05 3.562813799362629652e-04 0.000000000000000000e+00 9.996438026428222656e-01 1.948980468750000000e+04
2.993999999999999773e+01 3.155923454057515869e+02 9.147860232861227379e-05 0.000000000000000000e+00 0.000000000000000000e+00 1.000000000000000000e+00 1.945717187500000000e+04
3.000000000000000000e+01 3.155949253409927451e+02 8.780021734157466206e-05 0.000000000000000000e+00 0.000000000000000000e+00 1.000000000000000000e+00 1.949042968750000000e+04
