5.999999999999999778e-02 1.673097428753967568e-04 4.261872006648357747e+00 2.714709043502807617e-01 0.000000000000000000e+00 7.285291552543640137e-01 5.970246875000000000e+04
1.199999999999999956e-01 1.979280185258133415e-03 6.593746401603710616e+00 5.664816498756408691e-01 2.062050402164459229e-01 2.273132950067520142e-01 6.467122656250000000e+04
1.799999999999999933e-01 8.196528085190162016e-03 8.335348346231921113e+00 6.211650371551513672e-01 3.107983469963073730e-01 6.803651899099349976e-02 6.538264843750000000e+04
2.399999999999999911e-01 2.136515353076614415e-02 9.066045454280711624e+00 4.875988364219665527e-01 4.673206210136413574e-01 4.508048295974731445e-02 6.680935937500000000e+04
2.999999999999999889e-01 4.496245625433316351e-02 9.853980533409393061e+00 3.867781758308410645e-01 5.885484218597412109e-01 2.467332035303115845e-02 6.582328906250000000e+04
3.599999999999999867e-01 8.188456602031078668e-02 1.033532856804854205e+01 3.544889390468597412e-01 6.337917447090148926e-01 1.171926874667406082e-02 6.268177734375000000e+04
4.199999999999999845e-01 1.323162119052696262e-01 1.011529591020501151e+01 4.283375442028045654e-01 5.622406601905822754e-01 9.421790950000286102e-03 6.076393750000000000e+04
4.799999999999999822e-01 1.971711838981506371e-01 9.775427126218225737e+00 4.627661108970642090e-01 5.240764617919921875e-01 1.315751019865274429e-02 6.199454296875000000e+04
5.400000000000000355e-01 2.790061591012508169e-01 9.606349701556132104e+00 4.177558124065399170e-01 5.577052235603332520e-01 2.453899942338466644e-02 6.251067968750000000e+04
5.999999999999999778e-01 3.801005980716481436e-01 9.502483990015546667e+00 3.938260078430175781e-01 5.723600387573242188e-01 3.381384909152984619e-02 6.064127734375000000e+04
6.599999999999999201e-01 4.995904432993703570e-01 9.195644553653082198e+00 4.232732653617858887e-01 5.323371887207031250e-01 4.438938200473785400e-02 5.928526171875000000e+04
7.199999999999999734e-01 6.394869346305959157e-01 8.976261301640732881e+00 4.550628662109375000e-01 4.955462217330932617e-01 4.939094930887222290e-02 5.869938281250000000e+04
7.800000000000000266e-01 8.023306710196729252e-01 8.844583508794855220e+00 4.858983755111694336e-01 4.670940935611724854e-01 4.700783640146255493e-02 5.831943750000000000e+04
8.399999999999999689e-01 9.886985598956612442e-01 8.678864947260608531e+00 5.242567658424377441e-01 4.274889826774597168e-01 4.825463518500328064e-02 5.689254687500000000e+04
8.999999999999999112e-01 1.197929209222782010e+00 8.446467485292913580e+00 5.587771534919738770e-01 3.881973326206207275e-01 5.302587151527404785e-02 5.644844140625000000e+04
9.599999999999999645e-01 1.436775654600060959e+00 8.438450138513767129e+00 5.374362468719482422e-01 4.087044894695281982e-01 5.385962873697280884e-02 5.577892578125000000e+04
1.020000000000000018e+00 1.705044943004933700e+00 8.364270544232029536e+00 5.453633069992065430e-01 4.027087986469268799e-01 5.192806199193000793e-02 5.555364843750000000e+04
1.080000000000000071e+00 2.004590612733805788e+00 8.302840696310276769e+00 5.838347077369689941e-01 3.697746396064758301e-01 4.639088734984397888e-02 5.491861718750000000e+04
1.139999999999999902e+00 2.344362299160391849e+00 8.427444733880001593e+00 5.932730436325073242e-01 3.684638440608978271e-01 3.826331347227096558e-02 5.321617968750000000e+04
1.199999999999999956e+00 2.724706997534594333e+00 8.491235648258257385e+00 5.799908638000488281e-01 3.861980736255645752e-01 3.381192684173583984e-02 5.263033593750000000e+04
1.260000000000000009e+00 3.135411599928942028e+00 8.296475863026138597e+00 6.159133911132812500e-01 3.512862920761108398e-01 3.280140459537506104e-02 5.251201953125000000e+04
1.319999999999999840e+00 3.565228203020043729e+00 7.893795977313529555e+00 6.706074476242065430e-01 2.873063683509826660e-01 4.208717122673988342e-02 5.243462500000000000e+04
1.379999999999999893e+00 4.012609736765427648e+00 7.502386798223311004e+00 7.023780941963195801e-01 2.397691905498504639e-01 5.785345286130905151e-02 5.179414843750000000e+04
1.439999999999999947e+00 4.473006443604202076e+00 7.077646556948991474e+00 6.900872588157653809e-01 2.224605530500411987e-01 8.745279908180236816e-02 5.131268359375000000e+04
1.500000000000000000e+00 4.945924315007638405e+00 6.688845802757752423e+00 6.676883697509765625e-01 2.115854620933532715e-01 1.207265853881835938e-01 5.074229296875000000e+04
1.560000000000000053e+00 5.428642431284812275e+00 6.302538389002665831e+00 6.745372414588928223e-01 1.741906553506851196e-01 1.512724459171295166e-01 5.029043750000000000e+04
1.619999999999999885e+00 5.926025495680859123e+00 6.013199727128736072e+00 6.567564010620117188e-01 1.607597917318344116e-01 1.824841201305389404e-01 4.932374609375000000e+04
1.679999999999999938e+00 6.443861275525148535e+00 5.813487323258057948e+00 6.407175660133361816e-01 1.495976597070693970e-01 2.096850275993347168e-01 4.820889062500000000e+04
1.739999999999999991e+00 6.977398720028508805e+00 5.576844640456847912e+00 6.288349628448486328e-01 1.281379610300064087e-01 2.430272251367568970e-01 4.679736718750000000e+04
1.799999999999999822e+00 7.515104559706322185e+00 5.245864302186894257e+00 5.848741531372070312e-01 1.138783693313598633e-01 3.012475371360778809e-01 4.487367968750000000e+04
1.859999999999999876e+00 8.067555700124810159e+00 5.042120365139161287e+00 5.475218296051025391e-01 1.079517453908920288e-01 3.445265591144561768e-01 4.274769140625000000e+04
1.919999999999999929e+00 8.638725189629104406e+00 4.887258794163344078e+00 5.221241116523742676e-01 1.015079990029335022e-01 3.763679265975952148e-01 4.125046875000000000e+04
1.979999999999999982e+00 9.224048084470206632e+00 4.704922170020497951e+00 4.846167266368865967e-01 1.011924743652343750e-01 4.141906499862670898e-01 4.054269140625000000e+04
2.040000000000000036e+00 9.817997283053532698e+00 4.493506303592260664e+00 4.320651888847351074e-01 1.044712737202644348e-01 4.634633660316467285e-01 3.993052343750000000e+04
2.100000000000000089e+00 1.041065553367048935e+01 4.227597725191549749e+00 3.706214129924774170e-01 1.007227748632431030e-01 5.286557674407958984e-01 3.937536328125000000e+04
2.160000000000000142e+00 1.100120174535535611e+01 3.978564301370803413e+00 3.117386400699615479e-01 9.253840148448944092e-02 5.957228541374206543e-01 3.875241406250000000e+04
2.219999999999999751e+00 1.159121888000482592e+01 3.760188759783217982e+00 2.514705359935760498e-01 8.528252691030502319e-02 6.632468104362487793e-01 3.805311718750000000e+04
2.279999999999999805e+00 1.218562933618109057e+01 3.588856438455771958e+00 1.977270841598510742e-01 7.858913391828536987e-02 7.236837744712829590e-01 3.666844140625000000e+04
2.339999999999999858e+00 1.279511571288003324e+01 3.491210573356205327e+00 1.677862107753753662e-01 7.022082060575485229e-02 7.619929909706115723e-01 3.497554687500000000e+04
2.399999999999999911e+00 1.342548291525776527e+01 3.430316077721123680e+00 1.459421664476394653e-01 6.594774872064590454e-02 7.881100773811340332e-01 3.351727343750000000e+04
2.459999999999999964e+00 1.407890458084069429e+01 3.382356157435206345e+00 1.262396425008773804e-01 6.414344161748886108e-02 8.096168041229248047e-01 3.237810156250000000e+04
2.520000000000000018e+00 1.475611794112206709e+01 3.338614128025980676e+00 1.133304312825202942e-01 6.057764962315559387e-02 8.260918855667114258e-01 3.149471484375000000e+04
2.580000000000000071e+00 1.545931810165324372e+01 3.305513849962316897e+00 1.064055413007736206e-01 5.747537687420845032e-02 8.361188769340515137e-01 3.085022070312500000e+04
2.639999999999999680e+00 1.618984126402137846e+01 3.277889183890349667e+00 9.971656650304794312e-02 5.634626001119613647e-02 8.439369797706604004e-01 3.028598242187500000e+04
2.699999999999999734e+00 1.694856487275768231e+01 3.253143467076697881e+00 9.615471214056015015e-02 5.313153564929962158e-02 8.507137298583984375e-01 2.958466601562500000e+04
2.759999999999999787e+00 1.773682750800889352e+01 3.232872541996960170e+00 9.464275091886520386e-02 5.028650537133216858e-02 8.550706505775451660e-01 2.895422656250000000e+04
2.819999999999999840e+00 1.855389413387522879e+01 3.208431300935916664e+00 9.186409413814544678e-02 4.815567657351493835e-02 8.599802255630493164e-01 2.847394726562500000e+04
2.879999999999999893e+00 1.939779658378500216e+01 3.175754371348423089e+00 8.692765235900878906e-02 4.581572860479354858e-02 8.672564625740051270e-01 2.795058398437500000e+04
2.939999999999999947e+00 2.026955617462983383e+01 3.146703242161722258e+00 8.037656545639038086e-02 4.597823321819305420e-02 8.736451864242553711e-01 2.740254101562500000e+04
3.000000000000000000e+00 2.116907318987336950e+01 3.117038245992441059e+00 7.523503154516220093e-02 4.546266049146652222e-02 8.793022036552429199e-01 2.697012109375000000e+04
3.060000000000000053e+00 2.209735168660306925e+01 3.090574801252397474e+00 7.538421452045440674e-02 4.344293475151062012e-02 8.811726570129394531e-01 2.683958398437500000e+04
3.120000000000000107e+00 2.305409885803543446e+01 3.062858968349513766e+00 7.483021169900894165e-02 4.224133491516113281e-02 8.829283714294433594e-01 2.685525000000000000e+04
3.179999999999999716e+00 2.403815841926969199e+01 3.031430140931574257e+00 7.265646755695343018e-02 4.109464958310127258e-02 8.862488865852355957e-01 2.682865625000000000e+04
3.239999999999999769e+00 2.504842287637088205e+01 2.996903659791054775e+00 6.879458576440811157e-02 3.974570333957672119e-02 8.914596438407897949e-01 2.681076562500000000e+04
3.299999999999999822e+00 2.608078933603613692e+01 2.951118262742071785e+00 6.224567443132400513e-02 3.699850663542747498e-02 9.007557034492492676e-01 2.655334179687500000e+04
3.359999999999999876e+00 2.713850831339579273e+01 2.915617156973818069e+00 5.996996536850929260e-02 3.452191129326820374e-02 9.055078625679016113e-01 2.651286132812500000e+04
3.419999999999999929e+00 2.822111141517816435e+01 2.879512383782798057e+00 5.927786231040954590e-02 3.165107220411300659e-02 9.090709090232849121e-01 2.667096679687500000e+04
3.479999999999999982e+00 2.933048758362421182e+01 2.848984673318160077e+00 5.951118469238281250e-02 2.892867289483547211e-02 9.115601778030395508e-01 2.680210546875000000e+04
3.540000000000000036e+00 3.046737307440786680e+01 2.820670346805376649e+00 6.072663515806198120e-02 2.660652250051498413e-02 9.126670956611633301e-01 2.702243945312500000e+04
3.599999999999999645e+00 3.163254159026931234e+01 2.794489635119105309e+00 6.036482751369476318e-02 2.380418404936790466e-02 9.158310890197753906e-01 2.715959570312500000e+04
3.659999999999999698e+00 3.282560719466906818e+01 2.767589057281541809e+00 5.965897813439369202e-02 2.122557163238525391e-02 9.191155433654785156e-01 2.721625390625000000e+04
3.719999999999999751e+00 3.405245237039885353e+01 2.754151813391200410e+00 6.243260949850082397e-02 2.102513983845710754e-02 9.165425300598144531e-01 2.739872070312500000e+04
3.779999999999999805e+00 3.531607434648780242e+01 2.746665591569501519e+00 7.048704475164413452e-02 1.837998069822788239e-02 9.111332297325134277e-01 2.750300585937500000e+04
3.839999999999999858e+00 3.662109899440344662e+01 2.748021995674656104e+00 8.103816956281661987e-02 1.637024618685245514e-02 9.025918841361999512e-01 2.749502148437500000e+04
3.899999999999999911e+00 3.797379631918339982e+01 2.760771219776835927e+00 9.646992385387420654e-02 1.635194942355155945e-02 8.871783614158630371e-01 2.769147460937500000e+04
3.959999999999999964e+00 3.937533486445856568e+01 2.773779454193968430e+00 1.097093373537063599e-01 1.684080995619297028e-02 8.734502196311950684e-01 2.750845312500000000e+04
4.019999999999999574e+00 4.081154305025738438e+01 2.757552817349102625e+00 1.106204614043235779e-01 1.499686017632484436e-02 8.743828535079956055e-01 2.708701367187500000e+04
4.080000000000000071e+00 4.227882851974538880e+01 2.734368511945802105e+00 1.062231659889221191e-01 1.448111049830913544e-02 8.792960047721862793e-01 2.668528515625000000e+04
4.139999999999999680e+00 4.378150488220898495e+01 2.719158449046004566e+00 1.038990169763565063e-01 1.424144301563501358e-02 8.818596601486206055e-01 2.611527929687500000e+04
4.200000000000000178e+00 4.531131548646060025e+01 2.689171386152081844e+00 9.901177883148193359e-02 1.143882237374782562e-02 8.895494937896728516e-01 2.557786328125000000e+04
4.259999999999999787e+00 4.687253893426868245e+01 2.667088740999863372e+00 9.512613713741302490e-02 1.039556786417961121e-02 8.944785594940185547e-01 2.498637500000000000e+04
4.320000000000000284e+00 4.847203572333444299e+01 2.656575273081332345e+00 9.894780814647674561e-02 1.074022799730300903e-02 8.903122544288635254e-01 2.485097851562500000e+04
4.379999999999999893e+00 5.011234578936003459e+01 2.649726003794956597e+00 9.711743146181106567e-02 1.590026728808879852e-02 8.869825005531311035e-01 2.473591015625000000e+04
4.439999999999999503e+00 5.178635858094452971e+01 2.631087619807700229e+00 9.028426557779312134e-02 2.269442938268184662e-02 8.870214819908142090e-01 2.433586523437500000e+04
4.500000000000000000e+00 5.348930148779073335e+01 2.605187214661799366e+00 8.300684392452239990e-02 2.640536054968833923e-02 8.905879855155944824e-01 2.395004101562500000e+04
4.559999999999999609e+00 5.522732095181537204e+01 2.588882261274363383e+00 7.947623729705810547e-02 2.738031372427940369e-02 8.931437134742736816e-01 2.355583984375000000e+04
4.620000000000000107e+00 5.700703278402614416e+01 2.582132652718487797e+00 8.120194822549819946e-02 2.873374335467815399e-02 8.900645375251770020e-01 2.338834960937500000e+04
4.679999999999999716e+00 5.883478420116404095e+01 2.583839986976166792e+00 9.178687632083892822e-02 3.172795474529266357e-02 8.764854669570922852e-01 2.335146289062500000e+04
4.740000000000000213e+00 6.071220616323834918e+01 2.586870115363928413e+00 1.015176996588706970e-01 3.753094375133514404e-02 8.609517812728881836e-01 2.343868164062500000e+04
4.799999999999999822e+00 6.264555708743229445e+01 2.597338918920040207e+00 1.061742454767227173e-01 4.487086459994316101e-02 8.489553928375244141e-01 2.343638867187500000e+04
4.859999999999999432e+00 6.462085702029249035e+01 2.588174891435665259e+00 1.136239990592002869e-01 4.113358259201049805e-02 8.452427387237548828e-01 2.312393164062500000e+04
4.919999999999999929e+00 6.662782668114410001e+01 2.565535671601273382e+00 1.166814416646957397e-01 3.934409841895103455e-02 8.439748287200927734e-01 2.279663281250000000e+04
4.979999999999999538e+00 6.866612489915875983e+01 2.542801310817832672e+00 1.155033260583877563e-01 4.162800684571266174e-02 8.428689837455749512e-01 2.244030078125000000e+04
5.040000000000000036e+00 7.073810059340752332e+01 2.523274106769030301e+00 1.140421405434608459e-01 4.293696954846382141e-02 8.430212736129760742e-01 2.203060546875000000e+04
5.099999999999999645e+00 7.283833601504790067e+01 2.497510993629673326e+00 1.079783812165260315e-01 4.309207201004028320e-02 8.489297628402709961e-01 2.151186328125000000e+04
5.160000000000000142e+00 7.495503838764592786e+01 2.458558421560425700e+00 9.872744977474212646e-02 4.025257751345634460e-02 8.610202670097351074e-01 2.074401171875000000e+04
5.219999999999999751e+00 7.707523419339527493e+01 2.406006716997752370e+00 8.989337086677551270e-02 3.279256820678710938e-02 8.773140907287597656e-01 2.003149804687500000e+04
5.279999999999999361e+00 7.919564150798134960e+01 2.351561693133178643e+00 7.676067948341369629e-02 2.661026827991008759e-02 8.966289162635803223e-01 1.950006250000000000e+04
5.339999999999999858e+00 8.131065717689166661e+01 2.292874810898346549e+00 6.294763088226318359e-02 1.787913776934146881e-02 9.191730618476867676e-01 1.895912109375000000e+04
5.399999999999999467e+00 8.342773987506811295e+01 2.244115216015797998e+00 5.179046839475631714e-02 1.058630086481571198e-02 9.376232028007507324e-01 1.840955468750000000e+04
5.459999999999999964e+00 8.555552706718634681e+01 2.205893441444095604e+00 4.194234311580657959e-02 8.017557673156261444e-03 9.500401616096496582e-01 1.806161718750000000e+04
5.519999999999999574e+00 8.769622312908123263e+01 2.171032953356877737e+00 3.276186808943748474e-02 6.726148538291454315e-03 9.605119824409484863e-01 1.780938867187500000e+04
5.580000000000000071e+00 8.984735801810911937e+01 2.134704989165917333e+00 2.349353767931461334e-02 3.347642719745635986e-03 9.731588363647460938e-01 1.749332617187500000e+04
5.639999999999999680e+00 9.201446828911421960e+01 2.104803538552719289e+00 1.449987292289733887e-02 3.168523311614990234e-03 9.823315739631652832e-01 1.720279882812500000e+04
5.700000000000000178e+00 9.420066095079870649e+01 2.078637120992601783e+00 1.068929024040699005e-02 1.965836854651570320e-03 9.873450398445129395e-01 1.690168945312500000e+04
5.759999999999999787e+00 9.640932917087916110e+01 2.056258389263166730e+00 8.530612103641033173e-03 1.756133162416517735e-03 9.897131323814392090e-01 1.670254687500000000e+04
5.819999999999999396e+00 9.864050661512200691e+01 2.034386728531607069e+00 6.989723537117242813e-03 1.391018857248127460e-03 9.916192889213562012e-01 1.653172070312500000e+04
5.879999999999999893e+00 1.008934906936196967e+02 2.012347601484395732e+00 5.069278646260499954e-03 1.178486156277358532e-03 9.937523007392883301e-01 1.634524902343750000e+04
5.939999999999999503e+00 1.031699810396658989e+02 1.992266984752643078e+00 2.959859091788530350e-03 1.356024062260985374e-03 9.956841468811035156e-01 1.614780175781250000e+04
6.000000000000000000e+00 1.054706826827164292e+02 1.973187710203279543e+00 1.752862008288502693e-03 1.379839843139052391e-03 9.968671798706054688e-01 1.591483984375000000e+04
6.059999999999999609e+00 1.077943026621775715e+02 1.953382585433441010e+00 1.220740377902984619e-03 6.563751958310604095e-04 9.981228113174438477e-01 1.574790527343750000e+04
6.120000000000000107e+00 1.101419787833717976e+02 1.934908807550424603e+00 8.738274336792528629e-04 5.738593754358589649e-04 9.985522627830505371e-01 1.561300390625000000e+04
6.179999999999999716e+00 1.125115988853896027e+02 1.915073585723063410e+00 5.973142106086015701e-04 3.672429884318262339e-04 9.990354776382446289e-01 1.547989160156250000e+04
6.240000000000000213e+00 1.149015150533610665e+02 1.894333787713134765e+00 3.896559937857091427e-04 2.948724431917071342e-04 9.993155002593994141e-01 1.534870214843750000e+04
6.299999999999999822e+00 1.173168730264943491e+02 1.878034329197928676e+00 3.661179507616907358e-04 2.974411472678184509e-04 9.993364214897155762e-01 1.522845996093750000e+04
6.359999999999999432e+00 1.197529295910491669e+02 1.858391086089017374e+00 2.681055048014968634e-04 1.933369348989799619e-04 9.995385408401489258e-01 1.510651171875000000e+04
6.419999999999999929e+00 1.222117222577573301e+02 1.840676293905298300e+00 1.168063099612481892e-04 6.445301551138982177e-05 9.998186230659484863e-01 1.497614160156250000e+04
6.479999999999999538e+00 1.246881257796163283e+02 1.819530203089037457e+00 2.093497460009530187e-04 1.631431368878111243e-04 9.996275305747985840e-01 1.485033300781250000e+04
6.540000000000000036e+00 1.271863498411554332e+02 1.801883683064341435e+00 1.745691552059724927e-04 1.083669340005144477e-04 9.997171163558959961e-01 1.472026660156250000e+04
6.599999999999999645e+00 1.297044869595666796e+02 1.783224549013208815e+00 9.028735803440213203e-05 5.381747905630618334e-05 9.998558163642883301e-01 1.459378808593750000e+04
6.660000000000000142e+00 1.322420001902714262e+02 1.764569269476456093e+00 3.071955507039092481e-05 1.621166848053690046e-05 9.999530911445617676e-01 1.446979003906250000e+04
6.719999999999999751e+00 1.347962306695883683e+02 1.744477423853774134e+00 0.000000000000000000e+00 0.000000000000000000e+00 1.000000000000000000e+00 1.434958007812500000e+04
6.779999999999999361e+00 1.373710155630229224e+02 1.727392239816041508e+00 0.000000000000000000e+00 0.000000000000000000e+00 1.000000000000000000e+00 1.423385351562500000e+04
6.839999999999999858e+00 1.399617063113083759e+02 1.707571737303773096e+00 0.000000000000000000e+00 0.000000000000000000e+00 1.000000000000000000e+00 1.412223925781250000e+04
6.899999999999999467e+00 1.425695602576334977e+02 1.688991435367547478e+00 0.000000000000000000e+00 0.000000000000000000e+00 1.000000000000000000e+00 1.401220410156250000e+04
6.959999999999999964e+00 1.451960589396747423e+02 1.671738799285075183e+00 0.000000000000000000e+00 0.000000000000000000e+00 1.000000000000000000e+00 1.390168457031250000e+04
7.019999999999999574e+00 1.478320891808399438e+02 1.649125804328253730e+00 0.000000000000000000e+00 0.000000000000000000e+00 1.000000000000000000e+00 1.378820214843750000e+04
7.080000000000000071e+00 1.504888572901541579e+02 1.633929113825204560e+00 0.000000000000000000e+00 0.000000000000000000e+00 1.000000000000000000e+00 1.367060644531250000e+04
7.139999999999999680e+00 1.531560961846839461e+02 1.612800145025006016e+00 0.000000000000000000e+00 0.000000000000000000e+00 1.000000000000000000e+00 1.355401464843750000e+04
7.199999999999999289e+00 1.558359024122298138e+02 1.593393214486801490e+00 0.000000000000000000e+00 0.000000000000000000e+00 1.000000000000000000e+00 1.343894628906250000e+04
7.259999999999999787e+00 1.585276121717019748e+02 1.574017509355374989e+00 0.000000000000000000e+00 0.000000000000000000e+00 1.000000000000000000e+00 1.332558203125000000e+04
7.319999999999999396e+00 1.612326345461928270e+02 1.555871660880737695e+00 0.000000000000000000e+00 0.000000000000000000e+00 1.000000000000000000e+00 1.321352734375000000e+04
7.379999999999999893e+00 1.639487271029141198e+02 1.536837299740505758e+00 0.000000000000000000e+00 0.000000000000000000e+00 1.000000000000000000e+00 1.310411914062500000e+04
7.439999999999999503e+00 1.666724276349326885e+02 1.516285506898765512e+00 0.000000000000000000e+00 0.000000000000000000e+00 1.000000000000000000e+00 1.299632617187500000e+04
7.500000000000000000e+00 1.694055611683242830e+02 1.497192797392882024e+00 0.000000000000000000e+00 0.000000000000000000e+00 1.000000000000000000e+00 1.288762011718750000e+04
7.559999999999999609e+00 1.721501908290777862e+02 1.479625880942073923e+00 0.000000000000000000e+00 0.000000000000000000e+00 1.000000000000000000e+00 1.277564062500000000e+04
7.620000000000000107e+00 1.748967823745661008e+02 1.457366165014381876e+00 0.000000000000000000e+00 0.000000000000000000e+00 1.000000000000000000e+00 1.266159863281250000e+04
7.679999999999999716e+00 1.776519050204246639e+02 1.439051236254888178e+00 0.000000000000000000e+00 0.000000000000000000e+00 1.000000000000000000e+00 1.254508984375000000e+04
7.739999999999999325e+00 1.804133619534182458e+02 1.419998035682042747e+00 0.000000000000000000e+00 0.000000000000000000e+00 1.000000000000000000e+00 1.242967773437500000e+04
7.799999999999999822e+00 1.831726818421097676e+02 1.397070340084102025e+00 0.000000000000000000e+00 0.000000000000000000e+00 1.000000000000000000e+00 1.231607617187500000e+04
7.859999999999999432e+00 1.859438230499502254e+02 1.381635311533437660e+00 0.000000000000000000e+00 0.000000000000000000e+00 1.000000000000000000e+00 1.220393652343750000e+04
7.919999999999999929e+00 1.887078393130548761e+02 1.357203314970034658e+00 0.000000000000000000e+00 0.000000000000000000e+00 1.000000000000000000e+00 1.209422167968750000e+04
7.979999999999999538e+00 1.914815091126979780e+02 1.341463486745732903e+00 0.000000000000000000e+00 0.000000000000000000e+00 1.000000000000000000e+00 1.198258105468750000e+04
8.039999999999999147e+00 1.942553587070500498e+02 1.321527676590831035e+00 0.000000000000000000e+00 0.000000000000000000e+00 1.000000000000000000e+00 1.187055566406250000e+04
8.099999999999999645e+00 1.970222616876462780e+02 1.298689347327488086e+00 0.000000000000000000e+00 0.000000000000000000e+00 1.000000000000000000e+00 1.175847753906250000e+04
8.160000000000000142e+00 1.997968036258030509e+02 1.283124059484581858e+00 0.000000000000000000e+00 0.000000000000000000e+00 1.000000000000000000e+00 1.164457910156250000e+04
8.219999999999998863e+00 2.025610465229438262e+02 1.259699257692095564e+00 0.000000000000000000e+00 0.000000000000000000e+00 1.000000000000000000e+00 1.153344726562500000e+04
8.279999999999999361e+00 2.053293100396213902e+02 1.243248760214830551e+00 0.000000000000000000e+00 0.000000000000000000e+00 1.000000000000000000e+00 1.141941992187500000e+04
8.339999999999999858e+00 2.080884106129216491e+02 1.221304660032723977e+00 0.000000000000000000e+00 0.000000000000000000e+00 1.000000000000000000e+00 1.130948828125000000e+04
8.400000000000000355e+00 2.108426550213957853e+02 1.201738895319531375e+00 0.000000000000000000e+00 0.000000000000000000e+00 1.000000000000000000e+00 1.119987792968750000e+04
8.459999999999999076e+00 2.135935099214757713e+02 1.183235299710373889e+00 0.000000000000000000e+00 0.000000000000000000e+00 1.000000000000000000e+00 1.108835156250000000e+04
8.519999999999999574e+00 2.163302027558224836e+02 1.160564505498310472e+00 0.000000000000000000e+00 0.000000000000000000e+00 1.000000000000000000e+00 1.097876367187500000e+04
8.580000000000000071e+00 2.190629823107572065e+02 1.142696784213976358e+00 0.000000000000000000e+00 0.000000000000000000e+00 1.000000000000000000e+00 1.086545507812500000e+04
8.640000000000000568e+00 2.217895666328093967e+02 1.124271728415075167e+00 0.000000000000000000e+00 0.000000000000000000e+00 1.000000000000000000e+00 1.075237988281250000e+04
8.699999999999999289e+00 2.244977674947673165e+02 1.101289150624953139e+00 0.000000000000000000e+00 0.000000000000000000e+00 1.000000000000000000e+00 1.064349023437500000e+04
8.759999999999999787e+00 2.271911027252651536e+02 1.080240938739942758e+00 0.000000000000000000e+00 0.000000000000000000e+00 1.000000000000000000e+00 1.053020019531250000e+04
8.820000000000000284e+00 2.298743038282113957e+02 1.061534722518360230e+00 0.000000000000000000e+00 0.000000000000000000e+00 1.000000000000000000e+00 1.041756445312500000e+04
8.879999999999999005e+00 2.325425824582223981e+02 1.041365990516090578e+00 0.000000000000000000e+00 0.000000000000000000e+00 1.000000000000000000e+00 1.030583203125000000e+04
8.939999999999999503e+00 2.351906223516645582e+02 1.019595456202226025e+00 0.000000000000000000e+00 0.000000000000000000e+00 1.000000000000000000e+00 1.019379394531250000e+04
9.000000000000000000e+00 2.378171129831964379e+02 9.978144012169792854e-01 0.000000000000000000e+00 0.000000000000000000e+00 1.000000000000000000e+00 1.008035839843750000e+04
9.060000000000000497e+00 2.404213244399697089e+02 9.762466660627128201e-01 0.000000000000000000e+00 0.000000000000000000e+00 1.000000000000000000e+00 9.968439453125000000e+03
9.119999999999999218e+00 2.430034560330796580e+02 9.552332810894803572e-01 0.000000000000000000e+00 0.000000000000000000e+00 1.000000000000000000e+00 9.860737304687500000e+03
9.179999999999999716e+00 2.455635941225357328e+02 9.347168328363998357e-01 0.000000000000000000e+00 0.000000000000000000e+00 1.000000000000000000e+00 9.757739257812500000e+03
9.240000000000000213e+00 2.480984670301261872e+02 9.134732002021923591e-01 0.000000000000000000e+00 0.000000000000000000e+00 1.000000000000000000e+00 9.660777343750000000e+03
9.299999999999998934e+00 2.506006919508609201e+02 8.900733086271538363e-01 0.000000000000000000e+00 0.000000000000000000e+00 1.000000000000000000e+00 9.569952148437500000e+03
9.359999999999999432e+00 2.530670055009923942e+02 8.660519059329426783e-01 0.000000000000000000e+00 0.000000000000000000e+00 1.000000000000000000e+00 9.484093750000000000e+03
9.419999999999999929e+00 2.554959388284951842e+02 8.420606029707490281e-01 0.000000000000000000e+00 0.000000000000000000e+00 1.000000000000000000e+00 9.411306640625000000e+03
9.480000000000000426e+00 2.578894965101991374e+02 8.192929899294129070e-01 0.000000000000000000e+00 0.000000000000000000e+00 1.000000000000000000e+00 9.356859375000000000e+03
9.539999999999999147e+00 2.602385575629576238e+02 7.939483434605417722e-01 0.000000000000000000e+00 0.000000000000000000e+00 1.000000000000000000e+00 9.325194335937500000e+03
9.599999999999999645e+00 2.625407544051550985e+02 7.683826903149837406e-01 0.000000000000000000e+00 0.000000000000000000e+00 1.000000000000000000e+00 9.317452148437500000e+03
9.660000000000000142e+00 2.647998607740414627e+02 7.446344381901934817e-01 0.000000000000000000e+00 0.000000000000000000e+00 1.000000000000000000e+00 9.328465820312500000e+03
9.719999999999998863e+00 2.670003052768362295e+02 7.163444411185733163e-01 0.000000000000000000e+00 0.000000000000000000e+00 1.000000000000000000e+00 9.360418945312500000e+03
9.779999999999999361e+00 2.691499664347421117e+02 6.912256162530864279e-01 0.000000000000000000e+00 0.000000000000000000e+00 1.000000000000000000e+00 9.413803710937500000e+03
9.839999999999999858e+00 2.712361351769874318e+02 6.626290663388872959e-01 0.000000000000000000e+00 0.000000000000000000e+00 1.000000000000000000e+00 9.496095703125000000e+03
9.900000000000000355e+00 2.732555378737217211e+02 6.336474714128187413e-01 0.000000000000000000e+00 0.000000000000000000e+00 1.000000000000000000e+00 9.581148437500000000e+03
9.959999999999999076e+00 2.751801330151479306e+02 5.966229894007487600e-01 0.000000000000000000e+00 0.000000000000000000e+00 1.000000000000000000e+00 9.645788085937500000e+03
1.001999999999999957e+01 2.770156570770926692e+02 5.621966030391597480e-01 0.000000000000000000e+00 0.000000000000000000e+00 1.000000000000000000e+00 9.714771484375000000e+03
1.008000000000000007e+01 2.787665202749545870e+02 5.298820621076979487e-01 0.000000000000000000e+00 0.000000000000000000e+00 1.000000000000000000e+00 9.795905273437500000e+03
1.013999999999999879e+01 2.804374870465441631e+02 4.997175992590329185e-01 0.000000000000000000e+00 0.000000000000000000e+00 1.000000000000000000e+00 9.877362304687500000e+03
1.019999999999999929e+01 2.820329551655638056e+02 4.715257146296867874e-01 0.000000000000000000e+00 0.000000000000000000e+00 1.000000000000000000e+00 9.962416992187500000e+03
1.025999999999999979e+01 2.835571932316339030e+02 4.452056918719577983e-01 0.000000000000000000e+00 0.000000000000000000e+00 1.000000000000000000e+00 1.006146484375000000e+04
1.032000000000000028e+01 2.850133485060035241e+02 4.203742685398871859e-01 0.000000000000000000e+00 0.000000000000000000e+00 1.000000000000000000e+00 1.018658886718750000e+04
1.037999999999999901e+01 2.864013652449941674e+02 3.960711458262857754e-01 0.000000000000000000e+00 0.000000000000000000e+00 1.000000000000000000e+00 1.035223828125000000e+04
1.043999999999999950e+01 2.877222490304110352e+02 3.725824247418692559e-01 0.000000000000000000e+00 0.000000000000000000e+00 1.000000000000000000e+00 1.053863085937500000e+04
1.050000000000000000e+01 2.889794930514505040e+02 3.505786336714485918e-01 0.000000000000000000e+00 0.000000000000000000e+00 1.000000000000000000e+00 1.067875097656250000e+04
1.055999999999999872e+01 2.901778384482369688e+02 3.303577591491334009e-01 0.000000000000000000e+00 0.000000000000000000e+00 1.000000000000000000e+00 1.073816796875000000e+04
1.061999999999999922e+01 2.913210043121384274e+02 3.115850289917419524e-01 0.000000000000000000e+00 0.000000000000000000e+00 1.000000000000000000e+00 1.074261718750000000e+04
1.067999999999999972e+01 2.924110434010636368e+02 2.937664024873823387e-01 0.000000000000000000e+00 0.000000000000000000e+00 1.000000000000000000e+00 1.071020703125000000e+04
1.074000000000000021e+01 2.934496813294954904e+02 2.767862536021476472e-01 0.000000000000000000e+00 0.000000000000000000e+00 1.000000000000000000e+00 1.064504492187500000e+04
1.079999999999999893e+01 2.944392223727712690e+02 2.607724452481768873e-01 0.000000000000000000e+00 0.000000000000000000e+00 1.000000000000000000e+00 1.055707519531250000e+04
1.085999999999999943e+01 2.953801215676359107e+02 2.452141288049105305e-01 0.000000000000000000e+00 0.000000000000000000e+00 1.000000000000000000e+00 1.044717871093750000e+04
1.091999999999999993e+01 2.962749671528475801e+02 2.306490439093749067e-01 0.000000000000000000e+00 0.000000000000000000e+00 1.000000000000000000e+00 1.032093945312500000e+04
1.098000000000000043e+01 2.971258178632082831e+02 2.169124390886894849e-01 0.000000000000000000e+00 0.000000000000000000e+00 1.000000000000000000e+00 1.019049218750000000e+04
1.103999999999999915e+01 2.979352775505853401e+02 2.041173536887665452e-01 0.000000000000000000e+00 0.000000000000000000e+00 1.000000000000000000e+00 1.005199316406250000e+04
1.109999999999999964e+01 2.987043954646983934e+02 1.918478952914182967e-01 0.000000000000000000e+00 0.000000000000000000e+00 1.000000000000000000e+00 9.900242187500000000e+03
1.116000000000000014e+01 2.994357865573593926e+02 1.804756869373133898e-01 0.000000000000000000e+00 0.000000000000000000e+00 1.000000000000000000e+00 9.740398437500000000e+03
1.121999999999999886e+01 3.001311652821179337e+02 1.697542290979653090e-01 0.000000000000000000e+00 0.000000000000000000e+00 1.000000000000000000e+00 9.583982421875000000e+03
1.127999999999999936e+01 3.007925912276178337e+02 1.597480514556117448e-01 0.000000000000000000e+00 0.000000000000000000e+00 1.000000000000000000e+00 9.440056640625000000e+03
1.133999999999999986e+01 3.014227081933296972e+02 1.505758632493819638e-01 0.000000000000000000e+00 0.000000000000000000e+00 1.000000000000000000e+00 9.318095703125000000e+03
1.140000000000000036e+01 3.020205482884695130e+02 1.413590175637928492e-01 0.000000000000000000e+00 0.000000000000000000e+00 1.000000000000000000e+00 9.217308593750000000e+03
1.145999999999999908e+01 3.025892716429033840e+02 1.330662817851955837e-01 0.000000000000000000e+00 0.000000000000000000e+00 1.000000000000000000e+00 9.183211914062500000e+03
1.151999999999999957e+01 3.031285134831733217e+02 1.248541421125045903e-01 0.000000000000000000e+00 0.000000000000000000e+00 1.000000000000000000e+00 9.094476562500000000e+03
1.158000000000000007e+01 3.036426906114583630e+02 1.178170722388537650e-01 0.000000000000000000e+00 0.000000000000000000e+00 1.000000000000000000e+00 8.967979492187500000e+03
1.163999999999999879e+01 3.041240409339980033e+02 1.091581780092740067e-01 0.000000000000000000e+00 0.000000000000000000e+00 1.000000000000000000e+00 8.589287109375000000e+03
1.169999999999999929e+01 3.045724291778396378e+02 1.006403099645449828e-01 0.000000000000000000e+00 0.000000000000000000e+00 1.000000000000000000e+00 8.170508300781250000e+03
1.175999999999999979e+01 3.049913463975749437e+02 9.306613076295677800e-02 0.000000000000000000e+00 0.000000000000000000e+00 1.000000000000000000e+00 7.783071777343750000e+03
1.182000000000000028e+01 3.053792199383987622e+02 8.529469573688837347e-02 0.000000000000000000e+00 0.000000000000000000e+00 1.000000000000000000e+00 7.319331542968750000e+03
1.187999999999999901e+01 3.057422001759994146e+02 7.901431312090671788e-02 0.000000000000000000e+00 0.000000000000000000e+00 1.000000000000000000e+00 7.038644042968750000e+03
1.193999999999999950e+01 3.060856732670690121e+02 7.401652542937824097e-02 0.000000000000000000e+00 0.000000000000000000e+00 1.000000000000000000e+00 6.878186035156250000e+03
1.200000000000000000e+01 3.064104046503779841e+02 6.927802041901916230e-02 0.000000000000000000e+00 0.000000000000000000e+00 1.000000000000000000e+00 6.726637695312500000e+03
1.205999999999999872e+01 3.067201301282001396e+02 6.541919469485614480e-02 0.000000000000000000e+00 0.000000000000000000e+00 1.000000000000000000e+00 6.665359863281250000e+03
1.211999999999999922e+01 3.070143400788977601e+02 6.152679335666842719e-02 0.000000000000000000e+00 0.000000000000000000e+00 1.000000000000000000e+00 6.655812500000000000e+03
1.217999999999999972e+01 3.072974568241279485e+02 5.862360689921843060e-02 0.000000000000000000e+00 0.000000000000000000e+00 1.000000000000000000e+00 6.654082519531250000e+03
1.224000000000000021e+01 3.075674663643055169e+02 5.536143317743567188e-02 0.000000000000000000e+00 0.000000000000000000e+00 1.000000000000000000e+00 6.645080078125000000e+03
1.229999999999999893e+01 3.078261815582591225e+02 5.252818090739198170e-02 0.000000000000000000e+00 0.000000000000000000e+00 1.000000000000000000e+00 6.611195312500000000e+03
1.235999999999999943e+01 3.080741130491874173e+02 4.984999267891516289e-02 0.000000000000000000e+00 0.000000000000000000e+00 1.000000000000000000e+00 6.619278808593750000e+03
1.241999999999999993e+01 3.083116777863874631e+02 4.730411615202526066e-02 0.000000000000000000e+00 0.000000000000000000e+00 1.000000000000000000e+00 6.644112792968750000e+03
1.248000000000000043e+01 3.085379695691526081e+02 4.462617431442495591e-02 0.000000000000000000e+00 0.000000000000000000e+00 1.000000000000000000e+00 6.653014160156250000e+03
1.253999999999999915e+01 3.087533162575259098e+02 4.206134563864122322e-02 0.000000000000000000e+00 0.000000000000000000e+00 1.000000000000000000e+00 6.687713867187500000e+03
1.259999999999999964e+01 3.089583882241302035e+02 3.967302658715148034e-02 0.000000000000000000e+00 0.000000000000000000e+00 1.000000000000000000e+00 6.696656738281250000e+03
1.266000000000000014e+01 3.091541228958902821e+02 3.750771963330918474e-02 0.000000000000000000e+00 0.000000000000000000e+00 1.000000000000000000e+00 6.676738769531250000e+03
1.271999999999999886e+01 3.093416797596141237e+02 3.560158437200464099e-02 0.000000000000000000e+00 0.000000000000000000e+00 1.000000000000000000e+00 6.624148437500000000e+03
1.277999999999999936e+01 3.095206397161526297e+02 3.365077816673297390e-02 0.000000000000000000e+00 0.000000000000000000e+00 1.000000000000000000e+00 6.566630371093750000e+03
1.283999999999999986e+01 3.096920534027184431e+02 3.193058379128715929e-02 0.000000000000000000e+00 0.000000000000000000e+00 1.000000000000000000e+00 6.509836914062500000e+03
1.290000000000000036e+01 3.098562986596001565e+02 3.031065862831760702e-02 0.000000000000000000e+00 0.000000000000000000e+00 1.000000000000000000e+00 6.491296875000000000e+03
1.295999999999999908e+01 3.100139523789796385e+02 2.882483361306936720e-02 0.000000000000000000e+00 0.000000000000000000e+00 1.000000000000000000e+00 6.471076660156250000e+03
1.301999999999999957e+01 3.101650314242344280e+02 2.736815837622266767e-02 0.000000000000000000e+00 0.000000000000000000e+00 1.000000000000000000e+00 6.472583007812500000e+03
1.308000000000000007e+01 3.103087446955956352e+02 2.579499832623969105e-02 0.000000000000000000e+00 0.000000000000000000e+00 1.000000000000000000e+00 6.513953613281250000e+03
1.313999999999999879e+01 3.104459582022118411e+02 2.440344496924982606e-02 0.000000000000000000e+00 0.000000000000000000e+00 1.000000000000000000e+00 6.544572753906250000e+03
1.319999999999999929e+01 3.105752418198867417e+02 2.278408604939739443e-02 0.000000000000000000e+00 0.000000000000000000e+00 1.000000000000000000e+00 6.599254394531250000e+03
1.325999999999999979e+01 3.106984273978077340e+02 2.151294414357516130e-02 0.000000000000000000e+00 0.000000000000000000e+00 1.000000000000000000e+00 6.633862792968750000e+03
1.332000000000000028e+01 3.108148962284104755e+02 2.015670001803708533e-02 0.000000000000000000e+00 0.000000000000000000e+00 1.000000000000000000e+00 6.678394042968750000e+03
1.337999999999999901e+01 3.109254483234388431e+02 1.896112632825594155e-02 0.000000000000000000e+00 0.000000000000000000e+00 1.000000000000000000e+00 6.650408203125000000e+03
1.343999999999999950e+01 3.110299392768811231e+02 1.776154861124716947e-02 0.000000000000000000e+00 0.000000000000000000e+00 1.000000000000000000e+00 6.641137695312500000e+03
1.350000000000000000e+01 3.111290435704744368e+02 1.669617460225017100e-02 0.000000000000000000e+00 0.000000000000000000e+00 1.000000000000000000e+00 6.588326660156250000e+03
1.355999999999999872e+01 3.112236339449959814e+02 1.579468820473156621e-02 0.000000000000000000e+00 0.000000000000000000e+00 1.000000000000000000e+00 6.527572265625000000e+03
1.361999999999999922e+01 3.113145722242443298e+02 1.505107536036132294e-02 0.000000000000000000e+00 0.000000000000000000e+00 1.000000000000000000e+00 6.449868164062500000e+03
1.367999999999999972e+01 3.114017908860969328e+02 1.430882045539953740e-02 0.000000000000000000e+00 0.000000000000000000e+00 1.000000000000000000e+00 6.358375000000000000e+03
1.374000000000000021e+01 3.114855676578794146e+02 1.362411923233948670e-02 0.000000000000000000e+00 0.000000000000000000e+00 1.000000000000000000e+00 6.127659667968750000e+03
1.379999999999999893e+01 3.115652127954307389e+02 1.283958882289437664e-02 0.000000000000000000e+00 0.000000000000000000e+00 1.000000000000000000e+00 5.781290039062500000e+03
1.385999999999999943e+01 3.116413319852262021e+02 1.216492771567972454e-02 0.000000000000000000e+00 0.000000000000000000e+00 1.000000000000000000e+00 5.412842773437500000e+03
1.391999999999999993e+01 3.117144274235284342e+02 1.158098568656850021e-02 0.000000000000000000e+00 0.000000000000000000e+00 1.000000000000000000e+00 5.132426757812500000e+03
1.397999999999999865e+01 3.117848204217181092e+02 1.105708874877735400e-02 0.000000000000000000e+00 0.000000000000000000e+00 1.000000000000000000e+00 4.926947265625000000e+03
1.403999999999999915e+01 3.118533931585747609e+02 1.067910768725878132e-02 0.000000000000000000e+00 0.000000000000000000e+00 1.000000000000000000e+00 4.779542968750000000e+03
1.409999999999999964e+01 3.119203318707395738e+02 1.033591470454749139e-02 0.000000000000000000e+00 0.000000000000000000e+00 1.000000000000000000e+00 4.685013183593750000e+03
1.416000000000000014e+01 3.119860355920768598e+02 1.005924552895072314e-02 0.000000000000000000e+00 0.000000000000000000e+00 1.000000000000000000e+00 4.623259765625000000e+03
1.421999999999999886e+01 3.120506416844026489e+02 9.807728899014423601e-03 0.000000000000000000e+00 0.000000000000000000e+00 1.000000000000000000e+00 4.568695312500000000e+03
1.427999999999999936e+01 3.121140747961690636e+02 9.548739892639360530e-03 0.000000000000000000e+00 0.000000000000000000e+00 1.000000000000000000e+00 4.541624023437500000e+03
1.433999999999999986e+01 3.121762917245005724e+02 9.287291550467714416e-03 0.000000000000000000e+00 0.000000000000000000e+00 1.000000000000000000e+00 4.506168945312500000e+03
1.439999999999999858e+01 3.122375574195887111e+02 9.069087978285402321e-03 0.000000000000000000e+00 0.000000000000000000e+00 1.000000000000000000e+00 4.473223632812500000e+03
1.445999999999999908e+01 3.122977188188372111e+02 8.831715241135840860e-03 0.000000000000000000e+00 0.000000000000000000e+00 1.000000000000000000e+00 4.446376953125000000e+03
1.451999999999999957e+01 3.123570280991151549e+02 8.634668709147275481e-03 0.000000000000000000e+00 0.000000000000000000e+00 1.000000000000000000e+00 4.416672851562500000e+03
1.458000000000000007e+01 3.124153527357735243e+02 8.421430268345315301e-03 0.000000000000000000e+00 0.000000000000000000e+00 1.000000000000000000e+00 4.396714843750000000e+03
1.463999999999999879e+01 3.124725599373376781e+02 8.192379807152122551e-03 0.000000000000000000e+00 0.000000000000000000e+00 1.000000000000000000e+00 4.378584472656250000e+03
1.469999999999999929e+01 3.125289461241719664e+02 8.008889653059984501e-03 0.000000000000000000e+00 0.000000000000000000e+00 1.000000000000000000e+00 4.348915527343750000e+03
1.475999999999999979e+01 3.125844738682691855e+02 7.822838289608757475e-03 0.000000000000000000e+00 0.000000000000000000e+00 1.000000000000000000e+00 4.334435058593750000e+03
1.482000000000000028e+01 3.126392069180755016e+02 7.648444537513128527e-03 0.000000000000000000e+00 0.000000000000000000e+00 1.000000000000000000e+00 4.311240234375000000e+03
1.487999999999999901e+01 3.126930542326982732e+02 7.463988622201188534e-03 0.000000000000000000e+00 0.000000000000000000e+00 1.000000000000000000e+00 4.299035644531250000e+03
1.493999999999999950e+01 3.127462712061607704e+02 7.317364952063571890e-03 0.000000000000000000e+00 0.000000000000000000e+00 1.000000000000000000e+00 4.280903320312500000e+03
1.500000000000000000e+01 3.127983614666219978e+02 7.105142032684223438e-03 0.000000000000000000e+00 0.000000000000000000e+00 1.000000000000000000e+00 4.270864257812500000e+03
1.505999999999999872e+01 3.128496862921246020e+02 6.944953793382343567e-03 0.000000000000000000e+00 0.000000000000000000e+00 1.000000000000000000e+00 4.256647949218750000e+03
1.511999999999999922e+01 3.129001619947270001e+02 6.775849296569090921e-03 0.000000000000000000e+00 0.000000000000000000e+00 1.000000000000000000e+00 4.231419921875000000e+03
1.517999999999999972e+01 3.129498381086947347e+02 6.615797421658342441e-03 0.000000000000000000e+00 0.000000000000000000e+00 1.000000000000000000e+00 4.204218261718750000e+03
1.524000000000000021e+01 3.129987731336335059e+02 6.465784707470324105e-03 0.000000000000000000e+00 0.000000000000000000e+00 1.000000000000000000e+00 4.187860839843750000e+03
1.529999999999999893e+01 3.130471962803522956e+02 6.347968927454637235e-03 0.000000000000000000e+00 0.000000000000000000e+00 1.000000000000000000e+00 4.177073730468750000e+03
1.535999999999999943e+01 3.130947494002914482e+02 6.185211703816533187e-03 0.000000000000000000e+00 0.000000000000000000e+00 1.000000000000000000e+00 4.164074707031250000e+03
1.541999999999999993e+01 3.131413619561990913e+02 6.015691335483609736e-03 0.000000000000000000e+00 0.000000000000000000e+00 1.000000000000000000e+00 4.157726074218750000e+03
1.547999999999999865e+01 3.131871590054196304e+02 5.864627064822850074e-03 0.000000000000000000e+00 0.000000000000000000e+00 1.000000000000000000e+00 4.151676757812500000e+03
1.553999999999999915e+01 3.132326498570235458e+02 5.780432668853444263e-03 0.000000000000000000e+00 0.000000000000000000e+00 1.000000000000000000e+00 4.149495117187500000e+03
1.559999999999999964e+01 3.132771519787644934e+02 5.611298496932076892e-03 0.000000000000000000e+00 0.000000000000000000e+00 1.000000000000000000e+00 4.144106933593750000e+03
1.566000000000000014e+01 3.133212362668721198e+02 5.516019079216272908e-03 0.000000000000000000e+00 0.000000000000000000e+00 1.000000000000000000e+00 4.143500976562500000e+03
1.571999999999999886e+01 3.133648184768826468e+02 5.411569616073103745e-03 0.000000000000000000e+00 0.000000000000000000e+00 1.000000000000000000e+00 4.135214355468750000e+03
1.577999999999999936e+01 3.134075856986099780e+02 5.269990275153651170e-03 0.000000000000000000e+00 0.000000000000000000e+00 1.000000000000000000e+00 4.133516601562500000e+03
1.583999999999999986e+01 3.134497360348106554e+02 5.154626461850225425e-03 0.000000000000000000e+00 0.000000000000000000e+00 1.000000000000000000e+00 4.128346679687500000e+03
1.589999999999999858e+01 3.134912085844487137e+02 5.033461855869732215e-03 0.000000000000000000e+00 0.000000000000000000e+00 1.000000000000000000e+00 4.122346679687500000e+03
1.595999999999999908e+01 3.135322108387297249e+02 4.938966570585894868e-03 0.000000000000000000e+00 0.000000000000000000e+00 1.000000000000000000e+00 4.123776367187500000e+03
1.601999999999999957e+01 3.135726713989365635e+02 4.837209215286255269e-03 0.000000000000000000e+00 0.000000000000000000e+00 1.000000000000000000e+00 4.123819824218750000e+03
1.607999999999999829e+01 3.136124311569673182e+02 4.717952569067897055e-03 0.000000000000000000e+00 0.000000000000000000e+00 1.000000000000000000e+00 4.116008300781250000e+03
1.614000000000000057e+01 3.136516681121759689e+02 4.621299685651641953e-03 0.000000000000000000e+00 0.000000000000000000e+00 1.000000000000000000e+00 4.114327636718750000e+03
1.619999999999999929e+01 3.136904498209911480e+02 4.533846581188781359e-03 0.000000000000000000e+00 0.000000000000000000e+00 1.000000000000000000e+00 4.111208984375000000e+03
1.625999999999999801e+01 3.137284851004536677e+02 4.413767925080155571e-03 0.000000000000000000e+00 0.000000000000000000e+00 1.000000000000000000e+00 4.104093261718750000e+03
1.632000000000000028e+01 3.137659986405845984e+02 4.321214330051652112e-03 0.000000000000000000e+00 0.000000000000000000e+00 1.000000000000000000e+00 4.100210937500000000e+03
1.637999999999999901e+01 3.138029152880495189e+02 4.221304395104072231e-03 0.000000000000000000e+00 0.000000000000000000e+00 1.000000000000000000e+00 4.098523925781250000e+03
1.643999999999999773e+01 3.138393058316784732e+02 4.130772856071462419e-03 0.000000000000000000e+00 0.000000000000000000e+00 1.000000000000000000e+00 4.092874023437500000e+03
1.650000000000000000e+01 3.138752939718169728e+02 4.055385475064217024e-03 0.000000000000000000e+00 0.000000000000000000e+00 1.000000000000000000e+00 4.090803466796875000e+03
1.655999999999999872e+01 3.139108040634091026e+02 3.972519388703039250e-03 0.000000000000000000e+00 0.000000000000000000e+00 1.000000000000000000e+00 4.085689941406250000e+03
1.662000000000000099e+01 3.139457897092958092e+02 3.885590848826398457e-03 0.000000000000000000e+00 0.000000000000000000e+00 1.000000000000000000e+00 4.080910156250000000e+03
1.667999999999999972e+01 3.139804650865697226e+02 3.823425799472103623e-03 0.000000000000000000e+00 0.000000000000000000e+00 1.000000000000000000e+00 4.076517822265625000e+03
1.673999999999999844e+01 3.140145430184674069e+02 3.730613704678694548e-03 0.000000000000000000e+00 0.000000000000000000e+00 1.000000000000000000e+00 4.071160400390625000e+03
1.680000000000000071e+01 3.140479074129846708e+02 3.626411442622576569e-03 0.000000000000000000e+00 0.000000000000000000e+00 1.000000000000000000e+00 4.067709228515625000e+03
1.685999999999999943e+01 3.140810266786402281e+02 3.574147109639823437e-03 0.000000000000000000e+00 0.000000000000000000e+00 1.000000000000000000e+00 4.061752685546875000e+03
1.691999999999999815e+01 3.141135428803349896e+02 3.484179089192986772e-03 0.000000000000000000e+00 0.000000000000000000e+00 1.000000000000000000e+00 4.057470214843750000e+03
1.698000000000000043e+01 3.141455256061838099e+02 3.402796941952831739e-03 0.000000000000000000e+00 0.000000000000000000e+00 1.000000000000000000e+00 4.053607421875000000e+03
1.703999999999999915e+01 3.141771594137325110e+02 3.341972005749296783e-03 0.000000000000000000e+00 0.000000000000000000e+00 1.000000000000000000e+00 4.044105468750000000e+03
1.709999999999999787e+01 3.142083750960456427e+02 3.274656568661737412e-03 0.000000000000000000e+00 0.000000000000000000e+00 1.000000000000000000e+00 4.045894531250000000e+03
1.716000000000000014e+01 3.142391549797392827e+02 3.206359553840041308e-03 0.000000000000000000e+00 0.000000000000000000e+00 1.000000000000000000e+00 4.038028320312500000e+03
1.721999999999999886e+01 3.142693881301668171e+02 3.127459019692486759e-03 0.000000000000000000e+00 0.000000000000000000e+00 1.000000000000000000e+00 4.035203369140625000e+03
1.728000000000000114e+01 3.142995090670906393e+02 3.094213360255975397e-03 0.000000000000000000e+00 0.000000000000000000e+00 1.000000000000000000e+00 4.033333251953125000e+03
1.733999999999999986e+01 3.143291137079251030e+02 3.020130039380394989e-03 0.000000000000000000e+00 0.000000000000000000e+00 1.000000000000000000e+00 4.025188964843750000e+03
1.739999999999999858e+01 3.143581657110241281e+02 2.943312874629705912e-03 0.000000000000000000e+00 0.000000000000000000e+00 1.000000000000000000e+00 4.019822265625000000e+03
1.746000000000000085e+01 3.143870886467714740e+02 2.910097814245221539e-03 0.000000000000000000e+00 0.000000000000000000e+00 1.000000000000000000e+00 4.020419677734375000e+03
1.751999999999999957e+01 3.144154067575090039e+02 2.829727711595274222e-03 0.000000000000000000e+00 0.000000000000000000e+00 1.000000000000000000e+00 4.014276123046875000e+03
1.757999999999999829e+01 3.144433180583220064e+02 2.770038656445766509e-03 0.000000000000000000e+00 0.000000000000000000e+00 1.000000000000000000e+00 4.006408691406250000e+03
1.764000000000000057e+01 3.144709671038820034e+02 2.725344635332300428e-03 0.000000000000000000e+00 0.000000000000000000e+00 1.000000000000000000e+00 4.007247314453125000e+03
1.769999999999999929e+01 3.144982358981936272e+02 2.669640835562472544e-03 0.000000000000000000e+00 0.000000000000000000e+00 1.000000000000000000e+00 4.004108398437500000e+03
1.775999999999999801e+01 3.145253085261401225e+02 2.632527679566032744e-03 0.000000000000000000e+00 0.000000000000000000e+00 1.000000000000000000e+00 3.994421630859375000e+03
1.782000000000000028e+01 3.145519054212052197e+02 2.568851793940354032e-03 0.000000000000000000e+00 0.000000000000000000e+00 1.000000000000000000e+00 4.000848388671875000e+03
1.787999999999999901e+01 3.145780453507576340e+02 2.507771601492821481e-03 0.000000000000000000e+00 0.000000000000000000e+00 1.000000000000000000e+00 3.988462158203125000e+03
1.793999999999999773e+01 3.146041142627722706e+02 2.484229675870338553e-03 0.000000000000000000e+00 0.000000000000000000e+00 1.000000000000000000e+00 3.987044189453125000e+03
1.800000000000000000e+01 3.146296997744814803e+02 2.421909811568045707e-03 0.000000000000000000e+00 0.000000000000000000e+00 1.000000000000000000e+00 3.980091552734375000e+03
1.805999999999999872e+01 3.146549310980850578e+02 2.372512976320821729e-03 0.000000000000000000e+00 0.000000000000000000e+00 1.000000000000000000e+00 3.974925537109375000e+03
1.812000000000000099e+01 3.146797824639484134e+02 2.321310031962097939e-03 0.000000000000000000e+00 0.000000000000000000e+00 1.000000000000000000e+00 3.970617919921875000e+03
1.817999999999999972e+01 3.147044292603463305e+02 2.287005664411349230e-03 0.000000000000000000e+00 0.000000000000000000e+00 1.000000000000000000e+00 3.965135009765625000e+03
1.823999999999999844e+01 3.147287133016312168e+02 2.238520598643343150e-03 0.000000000000000000e+00 0.000000000000000000e+00 1.000000000000000000e+00 3.959389404296875000e+03
1.830000000000000071e+01 3.147527052946796857e+02 2.197097140786492993e-03 0.000000000000000000e+00 0.000000000000000000e+00 1.000000000000000000e+00 3.957059814453125000e+03
1.835999999999999943e+01 3.147761824401204649e+02 2.135897413096983586e-03 0.000000000000000000e+00 0.000000000000000000e+00 1.000000000000000000e+00 3.949073730468750000e+03
1.841999999999999815e+01 3.147994812355223075e+02 2.105862645240028953e-03 0.000000000000000000e+00 0.000000000000000000e+00 1.000000000000000000e+00 3.949334472656250000e+03
1.848000000000000043e+01 3.148225033137239279e+02 2.067339573541477401e-03 0.000000000000000000e+00 0.000000000000000000e+00 1.000000000000000000e+00 3.944091552734375000e+03
1.853999999999999915e+01 3.148452724870037969e+02 2.031395384967749160e-03 0.000000000000000000e+00 0.000000000000000000e+00 1.000000000000000000e+00 3.930813476562500000e+03
1.859999999999999787e+01 3.148676785754504408e+02 1.986105333745762092e-03 0.000000000000000000e+00 0.000000000000000000e+00 1.000000000000000000e+00 3.929231689453125000e+03
1.866000000000000014e+01 3.148898559924568872e+02 1.953193608812434263e-03 0.000000000000000000e+00 0.000000000000000000e+00 1.000000000000000000e+00 3.926408447265625000e+03
1.871999999999999886e+01 3.149117964111587753e+02 1.919934233986798564e-03 0.000000000000000000e+00 0.000000000000000000e+00 1.000000000000000000e+00 3.917744628906250000e+03
1.877999999999999758e+01 3.149333963737437330e+02 1.878064489784406644e-03 0.000000000000000000e+00 0.000000000000000000e+00 1.000000000000000000e+00 3.912027343750000000e+03
1.883999999999999986e+01 3.149547564200956344e+02 1.845375066778783902e-03 0.000000000000000000e+00 0.000000000000000000e+00 1.000000000000000000e+00 3.906399169921875000e+03
1.889999999999999858e+01 3.149757735745941432e+02 1.804222803575248734e-03 0.000000000000000000e+00 0.000000000000000000e+00 1.000000000000000000e+00 3.902833007812500000e+03
1.896000000000000085e+01 3.149966068995994419e+02 1.777122700742589725e-03 0.000000000000000000e+00 0.000000000000000000e+00 1.000000000000000000e+00 3.892180664062500000e+03
1.901999999999999957e+01 3.150172096796677579e+02 1.746368755649158793e-03 0.000000000000000000e+00 0.000000000000000000e+00 1.000000000000000000e+00 3.890814941406250000e+03
1.907999999999999829e+01 3.150376256360786442e+02 1.719649064530323320e-03 0.000000000000000000e+00 0.000000000000000000e+00 1.000000000000000000e+00 3.883101806640625000e+03
1.914000000000000057e+01 3.150575766546092495e+02 1.669951115206850818e-03 0.000000000000000000e+00 0.000000000000000000e+00 1.000000000000000000e+00 3.873769042968750000e+03
1.919999999999999929e+01 3.150772451829773217e+02 1.636016589706738638e-03 0.000000000000000000e+00 0.000000000000000000e+00 1.000000000000000000e+00 3.869985107421875000e+03
1.925999999999999801e+01 3.150966481322079176e+02 1.603870293390201969e-03 0.000000000000000000e+00 0.000000000000000000e+00 1.000000000000000000e+00 3.860986328125000000e+03
1.932000000000000028e+01 3.151158437217397363e+02 1.576874267933300140e-03 0.000000000000000000e+00 0.000000000000000000e+00 1.000000000000000000e+00 3.857254882812500000e+03
1.937999999999999901e+01 3.151347768654289325e+02 1.545684533323644005e-03 0.000000000000000000e+00 0.000000000000000000e+00 1.000000000000000000e+00 3.848427001953125000e+03
1.943999999999999773e+01 3.151534896816954188e+02 1.518267004447267868e-03 0.000000000000000000e+00 0.000000000000000000e+00 1.000000000000000000e+00 3.845572998046875000e+03
1.950000000000000000e+01 3.151719919782858028e+02 1.491948419351858462e-03 0.000000000000000000e+00 0.000000000000000000e+00 1.000000000000000000e+00 3.838083984375000000e+03
1.955999999999999872e+01 3.151903217130466714e+02 1.468966086304441827e-03 0.000000000000000000e+00 0.000000000000000000e+00 1.000000000000000000e+00 3.838211425781250000e+03
1.962000000000000099e+01 3.152083228730531914e+02 1.433810306210058384e-03 0.000000000000000000e+00 0.000000000000000000e+00 1.000000000000000000e+00 3.833019775390625000e+03
1.967999999999999972e+01 3.152263267794573949e+02 1.425285007065350135e-03 0.000000000000000000e+00 0.000000000000000000e+00 1.000000000000000000e+00 3.825725830078125000e+03
1.973999999999999844e+01 3.152441002857727881e+02 1.398491869854729232e-03 0.000000000000000000e+00 0.000000000000000000e+00 1.000000000000000000e+00 3.820025390625000000e+03
1.980000000000000071e+01 3.152615304142309469e+02 1.363161566348154458e-03 0.000000000000000000e+00 0.000000000000000000e+00 1.000000000000000000e+00 3.811836669921875000e+03
1.985999999999999943e+01 3.152787847313051088e+02 1.341258328993086800e-03 0.000000000000000000e+00 0.000000000000000000e+00 1.000000000000000000e+00 3.809885498046875000e+03
1.991999999999999815e+01 3.152957810375591521e+02 1.313242924006075485e-03 0.000000000000000000e+00 0.000000000000000000e+00 1.000000000000000000e+00 3.803041259765625000e+03
1.998000000000000043e+01 3.153125240519942736e+02 1.285902205787239905e-03 0.000000000000000000e+00 0.000000000000000000e+00 1.000000000000000000e+00 3.794601806640625000e+03
2.003999999999999915e+01 3.153289612995455968e+02 1.254859232236635400e-03 0.000000000000000000e+00 0.000000000000000000e+00 1.000000000000000000e+00 3.789356933593750000e+03
2.009999999999999787e+01 3.153453080570084239e+02 1.240500568491772603e-03 0.000000000000000000e+00 0.000000000000000000e+00 1.000000000000000000e+00 3.779089111328125000e+03
2.016000000000000014e+01 3.153613019738349408e+02 1.206500146389039669e-03 0.000000000000000000e+00 0.000000000000000000e+00 1.000000000000000000e+00 3.775139648437500000e+03
2.021999999999999886e+01 3.153771639253931767e+02 1.189444215907675207e-03 0.000000000000000000e+00 0.000000000000000000e+00 1.000000000000000000e+00 3.770113037109375000e+03
2.027999999999999758e+01 3.153926638317851143e+02 1.155417974777431462e-03 0.000000000000000000e+00 0.000000000000000000e+00 1.000000000000000000e+00 3.763528808593750000e+03
2.033999999999999986e+01 3.154079863696750294e+02 1.135457696188010976e-03 0.000000000000000000e+00 0.000000000000000000e+00 1.000000000000000000e+00 3.761277832031250000e+03
2.039999999999999858e+01 3.154232205692342745e+02 1.122270856945593127e-03 0.000000000000000000e+00 0.000000000000000000e+00 1.000000000000000000e+00 3.754679687500000000e+03
2.046000000000000085e+01 3.154382851001158770e+02 1.103262822430646842e-03 0.000000000000000000e+00 0.000000000000000000e+00 1.000000000000000000e+00 3.748269775390625000e+03
2.051999999999999957e+01 3.154530410024091793e+02 1.074340531883869214e-03 0.000000000000000000e+00 0.000000000000000000e+00 1.000000000000000000e+00 3.745225585937500000e+03
2.057999999999999829e+01 3.154675816641192228e+02 1.052496418675906865e-03 0.000000000000000000e+00 0.000000000000000000e+00 1.000000000000000000e+00 3.737499511718750000e+03
2.064000000000000057e+01 3.154820102142911082e+02 1.038309483476765414e-03 0.000000000000000000e+00 0.000000000000000000e+00 1.000000000000000000e+00 3.734903808593750000e+03
2.069999999999999929e+01 3.154962949569031139e+02 1.022001606158604676e-03 0.000000000000000000e+00 0.000000000000000000e+00 1.000000000000000000e+00 3.727227294921875000e+03
2.075999999999999801e+01 3.155104594259725559e+02 1.007538870442779583e-03 0.000000000000000000e+00 0.000000000000000000e+00 1.000000000000000000e+00 3.719131103515625000e+03
2.082000000000000028e+01 3.155243383849855832e+02 9.815400618259516232e-04 0.000000000000000000e+00 0.000000000000000000e+00 1.000000000000000000e+00 3.714721679687500000e+03
2.087999999999999901e+01 3.155382796439630511e+02 9.802796647376446192e-04 0.000000000000000000e+00 0.000000000000000000e+00 1.000000000000000000e+00 3.705321533203125000e+03
2.093999999999999773e+01 3.155518913704728448e+02 9.516237404146114234e-04 0.000000000000000000e+00 0.000000000000000000e+00 1.000000000000000000e+00 3.697115478515625000e+03
2.100000000000000000e+01 3.155652309301117953e+02 9.272668903765686390e-04 0.000000000000000000e+00 0.000000000000000000e+00 1.000000000000000000e+00 3.688790771484375000e+03
2.105999999999999872e+01 3.155784976168220624e+02 9.169466127796532719e-04 0.000000000000000000e+00 0.000000000000000000e+00 1.000000000000000000e+00 3.687842041015625000e+03
2.111999999999999744e+01 3.155916231680402007e+02 9.020373400440913651e-04 0.000000000000000000e+00 0.000000000000000000e+00 1.000000000000000000e+00 3.674674804687500000e+03
2.117999999999999972e+01 3.156046574163047467e+02 8.906875281025125992e-04 0.000000000000000000e+00 0.000000000000000000e+00 1.000000000000000000e+00 3.671486083984375000e+03
2.123999999999999844e+01 3.156174656890206052e+02 8.703007473360580134e-04 0.000000000000000000e+00 0.000000000000000000e+00 1.000000000000000000e+00 3.662179931640625000e+03
2.130000000000000071e+01 3.156300931187840320e+02 8.531789087006045724e-04 0.000000000000000000e+00 0.000000000000000000e+00 1.000000000000000000e+00 3.663763427734375000e+03
2.135999999999999943e+01 3.156424433262845923e+02 8.297603421404417621e-04 0.000000000000000000e+00 0.000000000000000000e+00 1.000000000000000000e+00 3.653769287109375000e+03
2.141999999999999815e+01 3.156546275358652451e+02 8.140215902596937203e-04 0.000000000000000000e+00 0.000000000000000000e+00 1.000000000000000000e+00 3.651708007812500000e+03
2.148000000000000043e+01 3.156666877458746399e+02 8.012359207912018262e-04 0.000000000000000000e+00 0.000000000000000000e+00 1.000000000000000000e+00 3.641518310546875000e+03
2.153999999999999915e+01 3.156785364470472359e+02 7.827986378141620766e-04 0.000000000000000000e+00 0.000000000000000000e+00 1.000000000000000000e+00 3.641575195312500000e+03
2.159999999999999787e+01 3.156901518511674567e+02 7.631223462807607688e-04 0.000000000000000000e+00 0.000000000000000000e+00 1.000000000000000000e+00 3.644229492187500000e+03
2.166000000000000014e+01 3.157016662112939684e+02 7.522928048584125562e-04 0.000000000000000000e+00 0.000000000000000000e+00 1.000000000000000000e+00 3.627906738281250000e+03
2.171999999999999886e+01 3.157130833287386054e+02 7.418182347735492255e-04 0.000000000000000000e+00 0.000000000000000000e+00 1.000000000000000000e+00 3.628664306640625000e+03
2.177999999999999758e+01 3.157242503686597388e+02 7.215720254375416901e-04 0.000000000000000000e+00 0.000000000000000000e+00 1.000000000000000000e+00 3.625892578125000000e+03
2.183999999999999986e+01 3.157353063710157812e+02 7.104719471162178725e-04 0.000000000000000000e+00 0.000000000000000000e+00 1.000000000000000000e+00 3.618622558593750000e+03
2.189999999999999858e+01 3.157463366532904274e+02 7.049352131254774025e-04 0.000000000000000000e+00 0.000000000000000000e+00 1.000000000000000000e+00 3.611641601562500000e+03
2.196000000000000085e+01 3.157570747710688579e+02 6.825131853756324224e-04 0.000000000000000000e+00 0.000000000000000000e+00 1.000000000000000000e+00 3.601572021484375000e+03
2.201999999999999957e+01 3.157676577545409486e+02 6.689871975699270088e-04 0.000000000000000000e+00 0.000000000000000000e+00 1.000000000000000000e+00 3.605826171875000000e+03
2.207999999999999829e+01 3.157781431846698865e+02 6.592182349187524631e-04 0.000000000000000000e+00 0.000000000000000000e+00 1.000000000000000000e+00 3.607983398437500000e+03
2.214000000000000057e+01 3.157885146497757205e+02 6.485191068011089341e-04 0.000000000000000000e+00 0.000000000000000000e+00 1.000000000000000000e+00 3.593540039062500000e+03
2.219999999999999929e+01 3.157986471392087537e+02 6.301514286634981622e-04 0.000000000000000000e+00 0.000000000000000000e+00 1.000000000000000000e+00 3.592055908203125000e+03
2.225999999999999801e+01 3.158086982172941362e+02 6.217186208584684227e-04 0.000000000000000000e+00 0.000000000000000000e+00 1.000000000000000000e+00 3.596989746093750000e+03
2.232000000000000028e+01 3.158186129379714089e+02 6.099868903309820867e-04 0.000000000000000000e+00 0.000000000000000000e+00 1.000000000000000000e+00 3.582264648437500000e+03
2.237999999999999901e+01 3.158283816250009295e+02 5.977798849384537844e-04 0.000000000000000000e+00 0.000000000000000000e+00 1.000000000000000000e+00 3.593116699218750000e+03
2.243999999999999773e+01 3.158380790619731897e+02 5.902464859113376421e-04 0.000000000000000000e+00 0.000000000000000000e+00 1.000000000000000000e+00 3.591998046875000000e+03
2.250000000000000000e+01 3.158476185353348455e+02 5.775351397681598338e-04 0.000000000000000000e+00 0.000000000000000000e+00 1.000000000000000000e+00 3.592749267578125000e+03
2.255999999999999872e+01 3.158570795524423716e+02 5.697385483357872296e-04 0.000000000000000000e+00 0.000000000000000000e+00 1.000000000000000000e+00 3.570773437500000000e+03
2.261999999999999744e+01 3.158662929563513444e+02 5.518840092183292150e-04 0.000000000000000000e+00 0.000000000000000000e+00 1.000000000000000000e+00 3.583878417968750000e+03
2.267999999999999972e+01 3.158754737351137578e+02 5.470200845308091685e-04 0.000000000000000000e+00 0.000000000000000000e+00 1.000000000000000000e+00 3.583780029296875000e+03
2.273999999999999844e+01 3.158845370639202201e+02 5.371723275961657294e-04 0.000000000000000000e+00 0.000000000000000000e+00 1.000000000000000000e+00 3.576242431640625000e+03
2.280000000000000071e+01 3.158934674201917687e+02 5.265054725860077904e-04 0.000000000000000000e+00 0.000000000000000000e+00 1.000000000000000000e+00 3.576796875000000000e+03
2.285999999999999943e+01 3.159022015595920152e+02 5.122340724647471769e-04 0.000000000000000000e+00 0.000000000000000000e+00 1.000000000000000000e+00 3.575955078125000000e+03
2.291999999999999815e+01 3.159109004827785725e+02 5.074977007075393920e-04 0.000000000000000000e+00 0.000000000000000000e+00 1.000000000000000000e+00 3.582017333984375000e+03
2.298000000000000043e+01 3.159194427631411486e+02 4.957567214176007622e-04 0.000000000000000000e+00 0.000000000000000000e+00 1.000000000000000000e+00 3.570720703125000000e+03
2.303999999999999915e+01 3.159278016294961731e+02 4.825855516447688748e-04 0.000000000000000000e+00 0.000000000000000000e+00 1.000000000000000000e+00 3.579831298828125000e+03
2.309999999999999787e+01 3.159360376741242931e+02 4.730245425835888471e-04 0.000000000000000000e+00 0.000000000000000000e+00 1.000000000000000000e+00 3.570264160156250000e+03
2.316000000000000014e+01 3.159442382738311039e+02 4.685484670020710748e-04 0.000000000000000000e+00 0.000000000000000000e+00 1.000000000000000000e+00 3.573667236328125000e+03
2.321999999999999886e+01 3.159523993080669584e+02 4.638781080717200634e-04 0.000000000000000000e+00 0.000000000000000000e+00 1.000000000000000000e+00 3.565433837890625000e+03
2.327999999999999758e+01 3.159602561134780103e+02 4.442835758774643282e-04 0.000000000000000000e+00 0.000000000000000000e+00 1.000000000000000000e+00 3.570248291015625000e+03
2.333999999999999986e+01 3.159680936069102017e+02 4.409129149527800536e-04 0.000000000000000000e+00 0.000000000000000000e+00 1.000000000000000000e+00 3.569910644531250000e+03
2.339999999999999858e+01 3.159757949320945727e+02 4.310307115078083440e-04 0.000000000000000000e+00 0.000000000000000000e+00 1.000000000000000000e+00 3.580207763671875000e+03
2.346000000000000085e+01 3.159833594905794030e+02 4.212104986746329871e-04 0.000000000000000000e+00 0.000000000000000000e+00 1.000000000000000000e+00 3.566765380859375000e+03
2.351999999999999957e+01 3.159908199275231482e+02 4.132933442462598771e-04 0.000000000000000000e+00 0.000000000000000000e+00 1.000000000000000000e+00 3.566208251953125000e+03
2.357999999999999829e+01 3.159982147844535803e+02 4.075755612066606515e-04 0.000000000000000000e+00 0.000000000000000000e+00 1.000000000000000000e+00 3.579084716796875000e+03
2.364000000000000057e+01 3.160055038512300598e+02 3.997055126896315079e-04 0.000000000000000000e+00 0.000000000000000000e+00 1.000000000000000000e+00 3.565712646484375000e+03
2.369999999999999929e+01 3.160127833851856849e+02 3.971615937450638447e-04 0.000000000000000000e+00 0.000000000000000000e+00 1.000000000000000000e+00 3.580167236328125000e+03
2.375999999999999801e+01 3.160198296773599509e+02 3.824946424634512957e-04 0.000000000000000000e+00 0.000000000000000000e+00 1.000000000000000000e+00 3.574526367187500000e+03
2.382000000000000028e+01 3.160268896176633575e+02 3.813048519742032161e-04 0.000000000000000000e+00 0.000000000000000000e+00 1.000000000000000000e+00 3.564735107421875000e+03
2.387999999999999901e+01 3.160338612058183116e+02 3.746408624667282210e-04 0.000000000000000000e+00 0.000000000000000000e+00 1.000000000000000000e+00 3.572414550781250000e+03
2.393999999999999773e+01 3.160407007519926879e+02 3.657028313484791829e-04 0.000000000000000000e+00 0.000000000000000000e+00 1.000000000000000000e+00 3.575039306640625000e+03
2.400000000000000000e+01 3.160474218776330417e+02 3.575741674160647782e-04 0.000000000000000000e+00 0.000000000000000000e+00 1.000000000000000000e+00 3.594427246093750000e+03
2.405999999999999872e+01 3.160541481058363615e+02 3.560608690421502025e-04 0.000000000000000000e+00 0.000000000000000000e+00 1.000000000000000000e+00 3.578577880859375000e+03
2.411999999999999744e+01 3.160607834327539081e+02 3.495013982860725797e-04 0.000000000000000000e+00 0.000000000000000000e+00 1.000000000000000000e+00 3.570235595703125000e+03
2.417999999999999972e+01 3.160673962810445801e+02 3.465887668531856028e-04 0.000000000000000000e+00 0.000000000000000000e+00 1.000000000000000000e+00 3.586072509765625000e+03
2.423999999999999844e+01 3.160738370806685680e+02 3.359003096029203740e-04 0.000000000000000000e+00 0.000000000000000000e+00 1.000000000000000000e+00 3.617721923828125000e+03
2.430000000000000071e+01 3.160802457735500184e+02 3.325753853110541064e-04 0.000000000000000000e+00 0.000000000000000000e+00 1.000000000000000000e+00 3.589157714843750000e+03
2.435999999999999943e+01 3.160864977116360137e+02 3.228424597397046357e-04 0.000000000000000000e+00 0.000000000000000000e+00 1.000000000000000000e+00 3.608402099609375000e+03
2.441999999999999815e+01 3.160926892270662165e+02 3.181511936465925461e-04 0.000000000000000000e+00 0.000000000000000000e+00 1.000000000000000000e+00 3.596118896484375000e+03
2.448000000000000043e+01 3.160987850702737205e+02 3.116996108397061534e-04 0.000000000000000000e+00 0.000000000000000000e+00 1.000000000000000000e+00 3.611865234375000000e+03
2.453999999999999915e+01 3.161048169029741643e+02 3.069183572598886559e-04 0.000000000000000000e+00 0.000000000000000000e+00 1.000000000000000000e+00 3.617062500000000000e+03
2.459999999999999787e+01 3.161106319374968621e+02 2.944436451990378322e-04 0.000000000000000000e+00 0.000000000000000000e+00 1.000000000000000000e+00 3.630881347656250000e+03
2.466000000000000014e+01 3.161163822634777034e+02 2.897502662644378213e-04 0.000000000000000000e+00 0.000000000000000000e+00 1.000000000000000000e+00 3.651702880859375000e+03
2.471999999999999886e+01 3.161220077498630303e+02 2.820837713801419206e-04 0.000000000000000000e+00 0.000000000000000000e+00 1.000000000000000000e+00 3.627333496093750000e+03
2.477999999999999758e+01 3.161275248726568634e+02 2.753102925353467681e-04 0.000000000000000000e+00 0.000000000000000000e+00 1.000000000000000000e+00 3.648946289062500000e+03
2.483999999999999986e+01 3.161330592509665962e+02 2.748372025579807489e-04 0.000000000000000000e+00 0.000000000000000000e+00 1.000000000000000000e+00 3.673954345703125000e+03
2.489999999999999858e+01 3.161383528572954447e+02 2.616135756874632531e-04 0.000000000000000000e+00 0.000000000000000000e+00 1.000000000000000000e+00 3.666228515625000000e+03
2.496000000000000085e+01 3.161436315709443647e+02 2.596233527920572366e-04 0.000000000000000000e+00 0.000000000000000000e+00 1.000000000000000000e+00 3.664577636718750000e+03
2.501999999999999957e+01 3.161488282042757874e+02 2.543605589835023053e-04 0.000000000000000000e+00 0.000000000000000000e+00 1.000000000000000000e+00 3.685950439453125000e+03
2.507999999999999829e+01 3.161539198150532570e+02 2.480275629782533733e-04 0.000000000000000000e+00 0.000000000000000000e+00 1.000000000000000000e+00 3.686987304687500000e+03
2.514000000000000057e+01 3.161590268245263928e+02 2.475901987217011017e-04 0.000000000000000000e+00 0.000000000000000000e+00 1.000000000000000000e+00 3.683070068359375000e+03
2.519999999999999929e+01 3.161640670961537012e+02 2.431911251741844906e-04 0.000000000000000000e+00 0.000000000000000000e+00 1.000000000000000000e+00 3.690406250000000000e+03
2.525999999999999801e+01 3.161690266778153955e+02 2.381610612243571258e-04 0.000000000000000000e+00 0.000000000000000000e+00 1.000000000000000000e+00 3.687144042968750000e+03
2.532000000000000028e+01 3.161739161605817117e+02 2.336821148308230491e-04 0.000000000000000000e+00 0.000000000000000000e+00 1.000000000000000000e+00 3.717993408203125000e+03
2.537999999999999901e+01 3.161787105124000732e+02 2.280521584854157001e-04 0.000000000000000000e+00 0.000000000000000000e+00 1.000000000000000000e+00 3.701118896484375000e+03
2.543999999999999773e+01 3.161834744184652095e+02 2.255350656874313122e-04 0.000000000000000000e+00 0.000000000000000000e+00 1.000000000000000000e+00 3.712460205078125000e+03
2.550000000000000000e+01 3.161882774973863661e+02 2.263195385820481538e-04 0.000000000000000000e+00 0.000000000000000000e+00 1.000000000000000000e+00 3.719451660156250000e+03
2.555999999999999872e+01 3.161929514012726941e+02 2.191988972096848675e-04 0.000000000000000000e+00 0.000000000000000000e+00 1.000000000000000000e+00 3.737455566406250000e+03
2.561999999999999744e+01 3.161975917870996113e+02 2.166076237057537189e-04 0.000000000000000000e+00 0.000000000000000000e+00 1.000000000000000000e+00 3.746500244140625000e+03
2.567999999999999972e+01 3.162022488495261427e+02 2.163702464078286745e-04 0.000000000000000000e+00 0.000000000000000000e+00 1.000000000000000000e+00 3.758236083984375000e+03
2.573999999999999844e+01 3.162068720717967381e+02 2.137966225390739588e-04 0.000000000000000000e+00 0.000000000000000000e+00 1.000000000000000000e+00 3.754971435546875000e+03
2.580000000000000071e+01 3.162114389771903120e+02 2.102100128411481022e-04 0.000000000000000000e+00 0.000000000000000000e+00 1.000000000000000000e+00 3.743645263671875000e+03
2.585999999999999943e+01 3.162159954044381038e+02 2.087545017401004632e-04 0.000000000000000000e+00 0.000000000000000000e+00 1.000000000000000000e+00 3.764810302734375000e+03
2.591999999999999815e+01 3.162204951512590583e+02 2.052032338203807211e-04 0.000000000000000000e+00 0.000000000000000000e+00 1.000000000000000000e+00 3.783027587890625000e+03
2.598000000000000043e+01 3.162249246267009539e+02 2.010656107327184942e-04 0.000000000000000000e+00 0.000000000000000000e+00 1.000000000000000000e+00 3.775525878906250000e+03
2.603999999999999915e+01 3.162293501445474817e+02 1.999602248766387978e-04 0.000000000000000000e+00 0.000000000000000000e+00 1.000000000000000000e+00 3.804334472656250000e+03
2.609999999999999787e+01 3.162337684171261571e+02 1.987150079779484587e-04 0.000000000000000000e+00 0.000000000000000000e+00 1.000000000000000000e+00 3.812438720703125000e+03
2.616000000000000014e+01 3.162380779577987369e+02 1.929356091603916256e-04 0.000000000000000000e+00 0.000000000000000000e+00 1.000000000000000000e+00 3.786926025390625000e+03
2.621999999999999886e+01 3.162423316228095018e+02 1.895625381744571458e-04 0.000000000000000000e+00 0.000000000000000000e+00 1.000000000000000000e+00 3.837764648437500000e+03
2.627999999999999758e+01 3.162464776946877123e+02 1.839240152297204486e-04 0.000000000000000000e+00 0.000000000000000000e+00 1.000000000000000000e+00 3.848060546875000000e+03
2.633999999999999986e+01 3.162505331969061899e+02 1.790866348819042234e-04 0.000000000000000000e+00 0.000000000000000000e+00 1.000000000000000000e+00 3.861672851562500000e+03
2.639999999999999858e+01 3.162544906090332688e+02 1.739607415821430459e-04 0.000000000000000000e+00 0.000000000000000000e+00 1.000000000000000000e+00 3.877226562500000000e+03
2.645999999999999730e+01 3.162583840694977653e+02 1.703733540987850193e-04 0.000000000000000000e+00 0.000000000000000000e+00 1.000000000000000000e+00 3.873562011718750000e+03
2.651999999999999957e+01 3.162622717832060744e+02 1.693521016941897724e-04 0.000000000000000000e+00 0.000000000000000000e+00 1.000000000000000000e+00 3.890957519531250000e+03
2.657999999999999829e+01 3.162659882472950699e+02 1.611614336372595342e-04 0.000000000000000000e+00 0.000000000000000000e+00 1.000000000000000000e+00 3.931832763671875000e+03
2.664000000000000057e+01 3.162696838003575408e+02 1.595327774869440105e-04 0.000000000000000000e+00 0.000000000000000000e+00 1.000000000000000000e+00 3.920216796875000000e+03
2.669999999999999929e+01 3.162733011101498164e+02 1.554532859428654453e-04 0.000000000000000000e+00 0.000000000000000000e+00 1.000000000000000000e+00 3.968523925781250000e+03
2.675999999999999801e+01 3.162768726607820895e+02 1.527985132326482984e-04 0.000000000000000000e+00 0.000000000000000000e+00 1.000000000000000000e+00 3.906230712890625000e+03
2.682000000000000028e+01 3.162803748531982819e+02 1.491608369421435073e-04 0.000000000000000000e+00 0.000000000000000000e+00 1.000000000000000000e+00 3.966595458984375000e+03
2.687999999999999901e+01 3.162838344862174154e+02 1.466903989267195592e-04 0.000000000000000000e+00 0.000000000000000000e+00 1.000000000000000000e+00 3.992033691406250000e+03
2.693999999999999773e+01 3.162872270345174570e+02 1.432052306304751755e-04 0.000000000000000000e+00 0.000000000000000000e+00 1.000000000000000000e+00 4.006329345703125000e+03
2.700000000000000000e+01 3.162905734663017938e+02 1.406307592618723549e-04 0.000000000000000000e+00 0.000000000000000000e+00 1.000000000000000000e+00 4.000214355468750000e+03
2.705999999999999872e+01 3.162938401353395079e+02 1.366700280325877301e-04 0.000000000000000000e+00 0.000000000000000000e+00 1.000000000000000000e+00 4.016235839843750000e+03
2.711999999999999744e+01 3.162971174993187446e+02 1.365107666246428151e-04 0.000000000000000000e+00 0.000000000000000000e+00 1.000000000000000000e+00 4.012110595703125000e+03
2.717999999999999972e+01 3.163003723684710167e+02 1.349752395058810442e-04 0.000000000000000000e+00 0.000000000000000000e+00 1.000000000000000000e+00 4.027646240234375000e+03
2.723999999999999844e+01 3.163036158479822006e+02 1.339104027905391463e-04 0.000000000000000000e+00 0.000000000000000000e+00 1.000000000000000000e+00 4.018562744140625000e+03
2.730000000000000071e+01 3.163067651516381602e+02 1.294507298293828032e-04 0.000000000000000000e+00 0.000000000000000000e+00 1.000000000000000000e+00 4.026051757812500000e+03
2.735999999999999943e+01 3.163099646463795693e+02 1.309369980949304972e-04 0.000000000000000000e+00 0.000000000000000000e+00 1.000000000000000000e+00 4.019373291015625000e+03
2.741999999999999815e+01 3.163131286059077070e+02 1.289160821206903717e-04 0.000000000000000000e+00 0.000000000000000000e+00 1.000000000000000000e+00 4.069660156250000000e+03
2.748000000000000043e+01 3.163162540374877381e+02 1.267901578679994049e-04 0.000000000000000000e+00 0.000000000000000000e+00 1.000000000000000000e+00 4.070949951171875000e+03
2.753999999999999915e+01 3.163193347093126135e+02 1.244298279784866463e-04 0.000000000000000000e+00 0.000000000000000000e+00 1.000000000000000000e+00 4.036645507812500000e+03
2.759999999999999787e+01 3.163223725251352221e+02 1.221653808465280136e-04 0.000000000000000000e+00 0.000000000000000000e+00 1.000000000000000000e+00 4.098112792968750000e+03
2.766000000000000014e+01 3.163254514054167430e+02 1.232796176512745371e-04 0.000000000000000000e+00 0.000000000000000000e+00 1.000000000000000000e+00 4.104426269531250000e+03
2.771999999999999886e+01 3.163284411776234606e+02 1.191934624920430442e-04 0.000000000000000000e+00 0.000000000000000000e+00 1.000000000000000000e+00 4.091122802734375000e+03
2.777999999999999758e+01 3.163313941760220587e+02 1.172188575677027511e-04 0.000000000000000000e+00 0.000000000000000000e+00 1.000000000000000000e+00 4.155444824218750000e+03
2.783999999999999986e+01 3.163343209268822989e+02 1.156762032050831263e-04 0.000000000000000000e+00 0.000000000000000000e+00 1.000000000000000000e+00 4.128819824218750000e+03
2.789999999999999858e+01 3.163372204291316052e+02 1.141063364294027095e-04 0.000000000000000000e+00 0.000000000000000000e+00 1.000000000000000000e+00 4.184902343750000000e+03
2.795999999999999730e+01 3.163401306129812838e+02 1.140351675057957212e-04 0.000000000000000000e+00 0.000000000000000000e+00 1.000000000000000000e+00 4.192831542968750000e+03
2.801999999999999957e+01 3.163430288497149263e+02 1.130806536985135138e-04 0.000000000000000000e+00 0.000000000000000000e+00 1.000000000000000000e+00 4.208550781250000000e+03
2.807999999999999829e+01 3.163458540372245125e+02 1.097594185695719376e-04 0.000000000000000000e+00 0.000000000000000000e+00 1.000000000000000000e+00 4.219213378906250000e+03
2.814000000000000057e+01 3.163486447225170650e+02 1.079566562108775146e-04 0.000000000000000000e+00 0.000000000000000000e+00 1.000000000000000000e+00 4.234641113281250000e+03
2.819999999999999929e+01 3.163514450802373972e+02 1.078698490382035737e-04 0.000000000000000000e+00 0.000000000000000000e+00 1.000000000000000000e+00 4.287615234375000000e+03
2.825999999999999801e+01 3.163541075941881218e+02 1.021246048808493746e-04 0.000000000000000000e+00 0.000000000000000000e+00 1.000000000000000000e+00 4.310023925781250000e+03
2.832000000000000028e+01 3.163567359532715955e+02 1.003873655097340241e-04 0.000000000000000000e+00 0.000000000000000000e+00 1.000000000000000000e+00 4.338855957031250000e+03
2.837999999999999901e+01 3.163593531652393835e+02 9.953894330428878781e-05 0.000000000000000000e+00 0.000000000000000000e+00 1.000000000000000000e+00 4.364160156250000000e+03
2.843999999999999773e+01 3.163619247779043349e+02 9.739201338821872099e-05 0.000000000000000000e+00 0.000000000000000000e+00 1.000000000000000000e+00 4.370446289062500000e+03
2.850000000000000000e+01 3.163644960553696137e+02 9.696930114312965162e-05 0.000000000000000000e+00 0.000000000000000000e+00 1.000000000000000000e+00 4.377784179687500000e+03
2.855999999999999872e+01 3.163670508520661997e+02 9.594294818794810392e-05 0.000000000000000000e+00 0.000000000000000000e+00 1.000000000000000000e+00 4.415806640625000000e+03
2.861999999999999744e+01 3.163695111322284106e+02 9.200607663900583729e-05 0.000000000000000000e+00 0.000000000000000000e+00 1.000000000000000000e+00 4.407128906250000000e+03
2.867999999999999972e+01 3.163719767541437022e+02 9.182004203428331972e-05 0.000000000000000000e+00 0.000000000000000000e+00 1.000000000000000000e+00 4.407453125000000000e+03
2.873999999999999844e+01 3.163744423010143691e+02 9.143387736661360925e-05 0.000000000000000000e+00 0.000000000000000000e+00 1.000000000000000000e+00 4.451763183593750000e+03
2.879999999999999716e+01 3.163768234650054865e+02 8.793663487860137119e-05 0.000000000000000000e+00 0.000000000000000000e+00 1.000000000000000000e+00 4.461472167968750000e+03
2.885999999999999943e+01 3.163792352777279575e+02 8.869814908517253515e-05 0.000000000000000000e+00 0.000000000000000000e+00 1.000000000000000000e+00 4.447563964843750000e+03
2.891999999999999815e+01 3.163815901727393793e+02 8.624555612353018664e-05 0.000000000000000000e+00 0.000000000000000000e+00 1.000000000000000000e+00 4.429676269531250000e+03
2.898000000000000043e+01 3.163839709236273166e+02 8.683145540881463177e-05 0.000000000000000000e+00 0.000000000000000000e+00 1.000000000000000000e+00 4.474954101562500000e+03
2.903999999999999915e+01 3.163863355744495607e+02 8.588786832925646587e-05 0.000000000000000000e+00 0.000000000000000000e+00 1.000000000000000000e+00 4.475369628906250000e+03
2.909999999999999787e+01 3.163886249463862441e+02 8.281071877403527420e-05 0.000000000000000000e+00 0.000000000000000000e+00 1.000000000000000000e+00 4.477576171875000000e+03
2.916000000000000014e+01 3.163909216438767089e+02 8.273382247289609982e-05 0.000000000000000000e+00 0.000000000000000000e+00 1.000000000000000000e+00 4.458847167968750000e+03
2.921999999999999886e+01 3.163931410953576346e+02 7.962285201915321909e-05 0.000000000000000000e+00 0.000000000000000000e+00 1.000000000000000000e+00 4.504012207031250000e+03
2.927999999999999758e+01 3.163954117137433855e+02 8.112461972128194576e-05 0.000000000000000000e+00 0.000000000000000000e+00 1.000000000000000000e+00 4.542420410156250000e+03
2.933999999999999986e+01 3.163976065191159250e+02 7.809525424156468082e-05 0.000000000000000000e+00 0.000000000000000000e+00 1.000000000000000000e+00 4.498070800781250000e+03
2.939999999999999858e+01 3.163998249781009804e+02 7.861470277855228856e-05 0.000000000000000000e+00 0.000000000000000000e+00 1.000000000000000000e+00 4.498345214843750000e+03
2.945999999999999730e+01 3.164020291652520314e+02 7.779079480924840420e-05 0.000000000000000000e+00 0.000000000000000000e+00 1.000000000000000000e+00 4.547866699218750000e+03
2.951999999999999957e+01 3.164041562026413317e+02 7.476284958666770024e-05 0.000000000000000000e+00 0.000000000000000000e+00 1.000000000000000000e+00 4.502165527343750000e+03
2.957999999999999829e+01 3.164062686394294701e+02 7.394844048713230145e-05 0.000000000000000000e+00 0.000000000000000000e+00 1.000000000000000000e+00 4.554897949218750000e+03
2.964000000000000057e+01 3.164083247860231154e+02 7.168652495883531741e-05 0.000000000000000000e+00 0.000000000000000000e+00 1.000000000000000000e+00 4.571602539062500000e+03
2.969999999999999929e+01 3.164103568994926263e+02 7.056236540712782076e-05 0.000000000000000000e+00 0.000000000000000000e+00 1.000000000000000000e+00 4.609571289062500000e+03
2.975999999999999801e+01 3.164123345780393493e+02 6.839528344196710676e-05 0.000000000000000000e+00 0.000000000000000000e+00 1.000000000000000000e+00 4.622456054687500000e+03
2.982000000000000028e+01 3.164143418526666096e+02 6.913947202201353357e-05 0.000000000000000000e+00 0.000000000000000000e+00 1.000000000000000000e+00 4.642906738281250000e+03
2.987999999999999901e+01 3.164162591029589748e+02 6.577341821629584522e-05 0.000000000000000000e+00 0.000000000000000000e+00 1.000000000000000000e+00 4.642260253906250000e+03
2.993999999999999773e+01 3.164181967682681602e+02 6.620735061699717155e-05 0.000000000000000000e+00 0.000000000000000000e+00 1.000000000000000000e+00 4.698538574218750000e+03
3.000000000000000000e+01 3.164200570136547412e+02 6.330777092582131791e-05 0.000000000000000000e+00 0.000000000000000000e+00 1.000000000000000000e+00 4.682433593750000000e+03
