5.999999999999999778e-02 4.630134006408004495e-04 1.179431524417378618e+01 4.331559240818023682e-01 5.668441057205200195e-01 0.000000000000000000e+00 2.561699804687500000e+04
1.199999999999999956e-01 3.737996914438147539e-03 1.191763963379895763e+01 4.172096550464630127e-01 5.827903747558593750e-01 0.000000000000000000e+00 2.514342187500000000e+04
1.799999999999999933e-01 1.264314102621386798e-02 1.193896068481653927e+01 4.181787967681884766e-01 5.818212628364562988e-01 0.000000000000000000e+00 2.502713476562500000e+04
2.399999999999999911e-01 2.989941926848385320e-02 1.188022269770709016e+01 4.248912930488586426e-01 5.751085281372070312e-01 0.000000000000000000e+00 2.500693945312500000e+04
2.999999999999999889e-01 5.827372538205517760e-02 1.184880591513071302e+01 4.333013296127319336e-01 5.666986107826232910e-01 0.000000000000000000e+00 2.503189843750000000e+04
3.599999999999999867e-01 9.985026457774319464e-02 1.163820800147622769e+01 4.286006093025207520e-01 5.646371245384216309e-01 6.762363482266664505e-03 2.508713671875000000e+04
4.199999999999999845e-01 1.559546645255807940e-01 1.125310501726313106e+01 3.825678527355194092e-01 5.891930460929870605e-01 2.823931910097599030e-02 2.553663476562500000e+04
4.799999999999999822e-01 2.322244430628327694e-01 1.149595226261988223e+01 3.233442902565002441e-01 6.517230868339538574e-01 2.493255026638507843e-02 2.721564062500000000e+04
5.400000000000000355e-01 3.333006921512925991e-01 1.186502217243362800e+01 2.853710055351257324e-01 6.987097263336181641e-01 1.591913215816020966e-02 2.887111523437500000e+04
5.999999999999999778e-01 4.603939080288810271e-01 1.194626787997720818e+01 2.712562680244445801e-01 7.165415287017822266e-01 1.220197882503271103e-02 3.024026171875000000e+04
6.599999999999999201e-01 6.134560773358149754e-01 1.177928802966668620e+01 2.953748703002929688e-01 6.943587064743041992e-01 1.026621274650096893e-02 3.057228710937500000e+04
7.199999999999999734e-01 7.938156027283073124e-01 1.157251488409244722e+01 3.267345428466796875e-01 6.644124984741210938e-01 8.852862752974033356e-03 3.059993750000000000e+04
7.800000000000000266e-01 1.002391019879081746e+00 1.132842279216757397e+01 3.604127764701843262e-01 6.317576766014099121e-01 7.829824462532997131e-03 3.069630859375000000e+04
8.399999999999999689e-01 1.240663195588889378e+00 1.109596747673307249e+01 3.871073424816131592e-01 6.058318614959716797e-01 7.061257492750883102e-03 3.099538085937500000e+04
8.999999999999999112e-01 1.509226175113527191e+00 1.084166436228807129e+01 4.183243215084075928e-01 5.748964548110961914e-01 6.780020892620086670e-03 3.096539648437500000e+04
9.599999999999999645e-01 1.807288568987711841e+00 1.053055089390342935e+01 4.426128268241882324e-01 5.473265051841735840e-01 1.006163004785776138e-02 3.078410156250000000e+04
1.020000000000000018e+00 2.134404641244502798e+00 1.019903300892588049e+01 4.631392657756805420e-01 5.198851823806762695e-01 1.697702333331108093e-02 3.001961718750000000e+04
1.080000000000000071e+00 2.491343672942805121e+00 9.893676383867280322e+00 4.847810268402099609e-01 4.923215508460998535e-01 2.289875783026218414e-02 2.929972070312500000e+04
1.139999999999999902e+00 2.879034796543227248e+00 9.616002888058021725e+00 5.031522512435913086e-01 4.689082205295562744e-01 2.794082090258598328e-02 2.897372460937500000e+04
1.199999999999999956e+00 3.297988121593212973e+00 9.353177325271362363e+00 5.267341732978820801e-01 4.423749744892120361e-01 3.089208528399467468e-02 2.877095703125000000e+04
1.260000000000000009e+00 3.749842353667877326e+00 9.127722718856139394e+00 5.504586696624755859e-01 4.176484346389770508e-01 3.189400956034660339e-02 2.879321289062500000e+04
1.319999999999999840e+00 4.235389278659100754e+00 8.917311094379233083e+00 5.739370584487915039e-01 3.935779035091400146e-01 3.248610347509384155e-02 2.875248632812500000e+04
1.379999999999999893e+00 4.754314682747128984e+00 8.702145276985042699e+00 5.971934199333190918e-01 3.694225847721099854e-01 3.338498622179031372e-02 2.873407031250000000e+04
1.439999999999999947e+00 5.304945981129968402e+00 8.464816657588292159e+00 6.165475845336914062e-01 3.470565676689147949e-01 3.639677911996841431e-02 2.878575781250000000e+04
1.500000000000000000e+00 5.878613873026780290e+00 8.113831815032996886e+00 6.339324116706848145e-01 3.201595544815063477e-01 4.590895771980285645e-02 2.881741210937500000e+04
1.560000000000000053e+00 6.457905533619166860e+00 7.563436726738109961e+00 6.325784325599670410e-01 2.909067869186401367e-01 7.651544362306594849e-02 2.813397851562500000e+04
1.619999999999999885e+00 7.035430412351212581e+00 6.982088236997868513e+00 6.116838455200195312e-01 2.660441398620605469e-01 1.222723945975303650e-01 2.758126757812500000e+04
1.679999999999999938e+00 7.615558045153882460e+00 6.512807284549054110e+00 6.018610000610351562e-01 2.352871149778366089e-01 1.628520637750625610e-01 2.701259179687500000e+04
1.739999999999999991e+00 8.198939059556126452e+00 6.097838712223587088e+00 5.901170372962951660e-01 2.049209326505661011e-01 2.049621343612670898e-01 2.649803125000000000e+04
1.799999999999999822e+00 8.790448892815552639e+00 5.770776676979024522e+00 5.840021371841430664e-01 1.751597821712493896e-01 2.408379316329956055e-01 2.623625781250000000e+04
1.859999999999999876e+00 9.390907416123733142e+00 5.480274955175453933e+00 5.833320617675781250e-01 1.427493542432785034e-01 2.739181816577911377e-01 2.625449023437500000e+04
1.919999999999999929e+00 9.996375124924522737e+00 5.180734333317968954e+00 5.910723209381103516e-01 9.876777231693267822e-02 3.101595044136047363e-01 2.599194726562500000e+04
1.979999999999999982e+00 1.060724905570212329e+01 4.910305619914871578e+00 5.979734063148498535e-01 5.479099974036216736e-02 3.472352027893066406e-01 2.529251367187500000e+04
2.040000000000000036e+00 1.123111711846911476e+01 4.719856646561446212e+00 5.761328935623168945e-01 4.275639727711677551e-02 3.811103999614715576e-01 2.450975390625000000e+04
2.100000000000000089e+00 1.186856712238597389e+01 4.547109879389854115e+00 5.455135107040405273e-01 3.856284916400909424e-02 4.159233570098876953e-01 2.401210156250000000e+04
2.160000000000000142e+00 1.251958125875018801e+01 4.385942287626686920e+00 5.116356015205383301e-01 3.744738548994064331e-02 4.509166181087493896e-01 2.377044335937500000e+04
2.219999999999999751e+00 1.318514961823526122e+01 4.241677939895699190e+00 4.785273671150207520e-01 3.708220645785331726e-02 4.843900501728057861e-01 2.365271093750000000e+04
2.279999999999999805e+00 1.386430382214746793e+01 4.100511543982423568e+00 4.443061053752899170e-01 3.680609166622161865e-02 5.188874602317810059e-01 2.355187109375000000e+04
2.339999999999999858e+00 1.455746024039120812e+01 3.970482538869942069e+00 4.109827876091003418e-01 3.670411929488182068e-02 5.523127913475036621e-01 2.350676367187500000e+04
2.399999999999999911e+00 1.526352985860981626e+01 3.842271543046367199e+00 3.754732906818389893e-01 3.725868090987205505e-02 5.872676372528076172e-01 2.346945703125000000e+04
2.459999999999999964e+00 1.598278401556185102e+01 3.723129878708962170e+00 3.402762115001678467e-01 3.840572014451026917e-02 6.213177442550659180e-01 2.354295703125000000e+04
2.520000000000000018e+00 1.671460398081225307e+01 3.607820841191521133e+00 3.039965629577636719e-01 4.002612084150314331e-02 6.559770107269287109e-01 2.370493945312500000e+04
2.580000000000000071e+00 1.745631966875759389e+01 3.486562741091632223e+00 2.717054188251495361e-01 3.494181856513023376e-02 6.933524608612060547e-01 2.376766406250000000e+04
2.639999999999999680e+00 1.820652516771833618e+01 3.366204683732207492e+00 2.357933968305587769e-01 3.024842776358127594e-02 7.339579463005065918e-01 2.366782031250000000e+04
2.699999999999999734e+00 1.896556402708241862e+01 3.254495152339209163e+00 1.984237283468246460e-01 2.753206901252269745e-02 7.740440964698791504e-01 2.372195117187500000e+04
2.759999999999999787e+00 1.973266266608708008e+01 3.146073422915791173e+00 1.582249552011489868e-01 2.591226808726787567e-02 8.158627748489379883e-01 2.394955468750000000e+04
2.819999999999999840e+00 2.050658014750588620e+01 3.038994609641299416e+00 1.164675131440162659e-01 2.290260978043079376e-02 8.606300354003906250e-01 2.385282031250000000e+04
2.879999999999999893e+00 2.130418600875305302e+01 3.001532109238021828e+00 1.020297110080718994e-01 2.429390139877796173e-02 8.736764788627624512e-01 2.364616015625000000e+04
2.939999999999999947e+00 2.213097911365170845e+01 2.984392223617798212e+00 9.567052870988845825e-02 2.943789213895797729e-02 8.748916387557983398e-01 2.375634570312500000e+04
3.000000000000000000e+00 2.298522860269007495e+01 2.960175609608882041e+00 8.589503169059753418e-02 3.439048305153846741e-02 8.797144889831542969e-01 2.369791601562500000e+04
3.060000000000000053e+00 2.386206318584263997e+01 2.919299409719111171e+00 7.310421764850616455e-02 3.470710292458534241e-02 8.921886682510375977e-01 2.339824804687500000e+04
3.120000000000000107e+00 2.476006359490297370e+01 2.874791469050528292e+00 6.237699836492538452e-02 3.054305166006088257e-02 9.070798754692077637e-01 2.284635351562500000e+04
3.179999999999999716e+00 2.568062811796221112e+01 2.835831439281913280e+00 5.587549135088920593e-02 2.503567002713680267e-02 9.190888404846191406e-01 2.247881835937500000e+04
3.239999999999999769e+00 2.662784519399960104e+01 2.809876465354756991e+00 5.231940001249313354e-02 2.255370467901229858e-02 9.251269698143005371e-01 2.205789062500000000e+04
3.299999999999999822e+00 2.760375288264533467e+01 2.789725465942269000e+00 5.335841327905654907e-02 1.937815919518470764e-02 9.272634983062744141e-01 2.184300390625000000e+04
3.359999999999999876e+00 2.860772208538412187e+01 2.767455151353690468e+00 5.143803358078002930e-02 1.790287159383296967e-02 9.306591153144836426e-01 2.172089453125000000e+04
3.419999999999999929e+00 2.963877570213710300e+01 2.742400841911757148e+00 4.767792671918869019e-02 1.705617085099220276e-02 9.352659583091735840e-01 2.155475000000000000e+04
3.479999999999999982e+00 3.069850755079085758e+01 2.721493286511400100e+00 4.406608641147613525e-02 1.766539365053176880e-02 9.382686018943786621e-01 2.152209765625000000e+04
3.540000000000000036e+00 3.178531606789298181e+01 2.696426844828862190e+00 3.986761718988418579e-02 1.624053344130516052e-02 9.438921809196472168e-01 2.130582421875000000e+04
3.599999999999999645e+00 3.289846402195023245e+01 2.669725775818108549e+00 3.565890714526176453e-02 1.375517994165420532e-02 9.505861997604370117e-01 2.087828710937500000e+04
3.659999999999999698e+00 3.403921656270581764e+01 2.646236918756596168e+00 3.209631145000457764e-02 1.176637224853038788e-02 9.561376571655273438e-01 2.057309179687500000e+04
3.719999999999999751e+00 3.520875321175796557e+01 2.625499571205771598e+00 2.899993583559989929e-02 1.099165435880422592e-02 9.600086212158203125e-01 2.031851757812500000e+04
3.779999999999999805e+00 3.640737025224648704e+01 2.605367938256687221e+00 2.679990977048873901e-02 1.064939983189105988e-02 9.625508189201354980e-01 2.016858007812500000e+04
3.839999999999999858e+00 3.763499035049060382e+01 2.585029361472384490e+00 2.405224740505218506e-02 9.831799194216728210e-03 9.661160707473754883e-01 1.995312890625000000e+04
3.899999999999999911e+00 3.888864786961154607e+01 2.558637128086984625e+00 1.968433894217014313e-02 6.639576517045497894e-03 9.736761450767517090e-01 1.936787890625000000e+04
3.959999999999999964e+00 4.017062256748632620e+01 2.537151111362019762e+00 1.688157208263874054e-02 4.157529212534427643e-03 9.789609313011169434e-01 1.888077343750000000e+04
4.019999999999999574e+00 4.148284083342218054e+01 2.519489313588433088e+00 1.572675071656703949e-02 3.353670705109834671e-03 9.809196591377258301e-01 1.864521289062500000e+04
4.080000000000000071e+00 4.282617785536814381e+01 2.503383649687346946e+00 1.500434800982475281e-02 3.294911235570907593e-03 9.817007184028625488e-01 1.848229101562500000e+04
4.139999999999999680e+00 4.420076976011879566e+01 2.487384033688444518e+00 1.440562214702367783e-02 3.381628775969147682e-03 9.822129011154174805e-01 1.837495507812500000e+04
4.200000000000000178e+00 4.560626159339794583e+01 2.470638137178890581e+00 1.387801766395568848e-02 3.201895160600543022e-03 9.829201698303222656e-01 1.826513281250000000e+04
4.259999999999999787e+00 4.704282339172140581e+01 2.454125194851668468e+00 1.366075035184621811e-02 3.054096363484859467e-03 9.832851886749267578e-01 1.817611328125000000e+04
4.320000000000000284e+00 4.850972353455699704e+01 2.436347902775497065e+00 1.344168838113546371e-02 2.518553752452135086e-03 9.840398430824279785e-01 1.803283984375000000e+04
4.379999999999999893e+00 5.000662072909894107e+01 2.418059550774983357e+00 1.268997695297002792e-02 2.365096006542444229e-03 9.849448204040527344e-01 1.792969921875000000e+04
4.439999999999999503e+00 5.153400410477939886e+01 2.400626512924773248e+00 1.178835611790418625e-02 2.298535546287894249e-03 9.859132170677185059e-01 1.779433593750000000e+04
4.500000000000000000e+00 5.309278214938156992e+01 2.384641678806339371e+00 1.239403616636991501e-02 2.321368781849741936e-03 9.852845668792724609e-01 1.772268750000000000e+04
4.559999999999999609e+00 5.468348705036491708e+01 2.369448551250291857e+00 1.311439834535121918e-02 2.709390362724661827e-03 9.841763377189636230e-01 1.767942773437500000e+04
4.620000000000000107e+00 5.630563406948422056e+01 2.353526402291088448e+00 1.419571042060852051e-02 2.610238268971443176e-03 9.831941127777099609e-01 1.760969921875000000e+04
4.679999999999999716e+00 5.795826202471320698e+01 2.336272949525033393e+00 1.439300924539566040e-02 2.481122035533189774e-03 9.831258058547973633e-01 1.753962304687500000e+04
4.740000000000000213e+00 5.964024372276446684e+01 2.317576057579788795e+00 1.370935328304767609e-02 2.708816900849342346e-03 9.835819602012634277e-01 1.743713476562500000e+04
4.799999999999999822e+00 6.135365497527799050e+01 2.301863399229672424e+00 1.354696322232484818e-02 3.698922926560044289e-03 9.827541112899780273e-01 1.735735937500000000e+04
4.859999999999999432e+00 6.309619626403559778e+01 2.283198382091771172e+00 1.284308638423681259e-02 4.001362249255180359e-03 9.831556081771850586e-01 1.725219921875000000e+04
4.919999999999999929e+00 6.486700289114588713e+01 2.263645364440463048e+00 1.184460707008838654e-02 3.671834478154778481e-03 9.844835400581359863e-01 1.708201367187500000e+04
4.979999999999999538e+00 6.666671877538001922e+01 2.245167007008248561e+00 1.183487940579652786e-02 3.561104414984583855e-03 9.846040010452270508e-01 1.695336132812500000e+04
5.040000000000000036e+00 6.849635437763971879e+01 2.228149757171027812e+00 1.339951530098915100e-02 3.203190164640545845e-03 9.833973050117492676e-01 1.684575000000000000e+04
5.099999999999999645e+00 7.035510867224394360e+01 2.210351866937191989e+00 1.460470352321863174e-02 2.792529296129941940e-03 9.826028347015380859e-01 1.676822070312500000e+04
5.160000000000000142e+00 7.224231224714192479e+01 2.191994633883983745e+00 1.521197520196437836e-02 2.385280095040798187e-03 9.824027419090270996e-01 1.666558007812500000e+04
5.219999999999999751e+00 7.415763808088539122e+01 2.173519449821463390e+00 1.525944657623767853e-02 2.137668896466493607e-03 9.826030135154724121e-01 1.654417578125000000e+04
5.279999999999999361e+00 7.609917783682445247e+01 2.153195041516201336e+00 1.338027324527502060e-02 2.168235369026660919e-03 9.844514727592468262e-01 1.636872656250000000e+04
5.339999999999999858e+00 7.806582908308685376e+01 2.132033899635447760e+00 1.116361748427152634e-02 2.198249567300081253e-03 9.866381287574768066e-01 1.620392773437500000e+04
5.399999999999999467e+00 8.005891868998755001e+01 2.112682096727442005e+00 9.924766607582569122e-03 2.241812646389007568e-03 9.878334403038024902e-01 1.605778125000000000e+04
5.459999999999999964e+00 8.207731092582011456e+01 2.092482844044367685e+00 8.663953281939029694e-03 2.068197121843695641e-03 9.892679452896118164e-01 1.590080078125000000e+04
5.519999999999999574e+00 8.412143990820275974e+01 2.073097372700491547e+00 7.825037464499473572e-03 1.958343666046857834e-03 9.902166724205017090e-01 1.578427050781250000e+04
5.580000000000000071e+00 8.619195187347750675e+01 2.054697845748353124e+00 7.269242778420448303e-03 2.185771474614739418e-03 9.905451536178588867e-01 1.567157519531250000e+04
5.639999999999999680e+00 8.828838965029480335e+01 2.036162953975617640e+00 6.740531884133815765e-03 2.423163270577788353e-03 9.908363819122314453e-01 1.556942871093750000e+04
5.700000000000000178e+00 9.041075567820296044e+01 2.017950607584731326e+00 6.653559859842061996e-03 2.298458945006132126e-03 9.910479784011840820e-01 1.543828417968750000e+04
5.759999999999999787e+00 9.255853423669343272e+01 1.999570437525790334e+00 6.238808855414390564e-03 2.137033035978674889e-03 9.916242361068725586e-01 1.529086816406250000e+04
5.819999999999999396e+00 9.473212126445370984e+01 1.981875809113236464e+00 6.301829125732183456e-03 2.527555683627724648e-03 9.911705851554870605e-01 1.521939355468750000e+04
5.879999999999999893e+00 9.693180170072407975e+01 1.964737208845458438e+00 6.852171849459409714e-03 2.871544333174824715e-03 9.902762174606323242e-01 1.518425097656250000e+04
5.939999999999999503e+00 9.915639382831282944e+01 1.946848339608889367e+00 7.796253543347120285e-03 2.384016988798975945e-03 9.898197054862976074e-01 1.508788085937500000e+04
6.000000000000000000e+00 1.014049964780816424e+02 1.928505213640561156e+00 8.316474966704845428e-03 1.890523824840784073e-03 9.897931218147277832e-01 1.496238378906250000e+04
6.059999999999999609e+00 1.036774125345286706e+02 1.910337314517485341e+00 8.464558050036430359e-03 2.006672555580735207e-03 9.895288348197937012e-01 1.488294433593750000e+04
6.120000000000000107e+00 1.059729879547573859e+02 1.891968427372917594e+00 8.075807243585586548e-03 2.130708890035748482e-03 9.897935390472412109e-01 1.479874804687500000e+04
6.179999999999999716e+00 1.082897245047633987e+02 1.872334290301511661e+00 7.241081912070512772e-03 2.132513094693422318e-03 9.906263947486877441e-01 1.470081054687500000e+04
6.240000000000000213e+00 1.106277300125811394e+02 1.853187525434334848e+00 6.744621787220239639e-03 1.917069777846336365e-03 9.913382530212402344e-01 1.457734472656250000e+04
6.299999999999999822e+00 1.129880329917696855e+02 1.835226940077105517e+00 7.732784841209650040e-03 1.896535395644605160e-03 9.903706908226013184e-01 1.451135449218750000e+04
6.359999999999999432e+00 1.153708737378356091e+02 1.817794408590785338e+00 8.667419664561748505e-03 1.942493254318833351e-03 9.893900752067565918e-01 1.447230273437500000e+04
6.419999999999999929e+00 1.177740032312103295e+02 1.799006296680370154e+00 8.303016424179077148e-03 2.247638301923871040e-03 9.894493222236633301e-01 1.438737792968750000e+04
6.479999999999999538e+00 1.201968918459600957e+02 1.780210282510148678e+00 7.991673424839973450e-03 2.269714837893843651e-03 9.897386431694030762e-01 1.427870312500000000e+04
6.540000000000000036e+00 1.226381712394490080e+02 1.760811439074370988e+00 7.411691360175609589e-03 2.099499339237809181e-03 9.904887676239013672e-01 1.414227246093750000e+04
6.599999999999999645e+00 1.250978128689620945e+02 1.741800835011672710e+00 7.273188326507806778e-03 1.928492099978029728e-03 9.907981753349304199e-01 1.399677246093750000e+04
6.660000000000000142e+00 1.275756459661190547e+02 1.723068114573144349e+00 7.129688281565904617e-03 1.886881538666784763e-03 9.909834861755371094e-01 1.385211914062500000e+04
6.719999999999999751e+00 1.300708935347894908e+02 1.704193527451628665e+00 7.069269195199012756e-03 1.766581786796450615e-03 9.911641478538513184e-01 1.374963671875000000e+04
6.779999999999999361e+00 1.325819903607905701e+02 1.684664680813354076e+00 7.151139900088310242e-03 1.451889169402420521e-03 9.913969039916992188e-01 1.362613867187500000e+04
6.839999999999999858e+00 1.351092777369280213e+02 1.665781413081800277e+00 6.968997884541749954e-03 1.599549665115773678e-03 9.914313554763793945e-01 1.351664843750000000e+04
6.899999999999999467e+00 1.376521291872010124e+02 1.646892199225786779e+00 6.666310597211122513e-03 1.755385193973779678e-03 9.915784001350402832e-01 1.341564550781250000e+04
6.959999999999999964e+00 1.402092114984689886e+02 1.627556009047752550e+00 6.473415065556764603e-03 1.886453595943748951e-03 9.916401505470275879e-01 1.332460449218750000e+04
7.019999999999999574e+00 1.427795129900561335e+02 1.608005268105758390e+00 6.199746858328580856e-03 1.736143720336258411e-03 9.920641183853149414e-01 1.319653125000000000e+04
7.080000000000000071e+00 1.453631246571136160e+02 1.588937441255800831e+00 6.288662552833557129e-03 1.672943704761564732e-03 9.920384287834167480e-01 1.308700292968750000e+04
7.139999999999999680e+00 1.479599423309294934e+02 1.570218524303595098e+00 6.947885733097791672e-03 1.559414202347397804e-03 9.914926290512084961e-01 1.298867187500000000e+04
7.199999999999999289e+00 1.505695483608364782e+02 1.551652689584812839e+00 7.999561727046966553e-03 1.515474985353648663e-03 9.904849529266357422e-01 1.291882714843750000e+04
7.259999999999999787e+00 1.531912272273211499e+02 1.533065898071782396e+00 8.948627859354019165e-03 1.189992879517376423e-03 9.898614883422851562e-01 1.283976562500000000e+04
7.319999999999999396e+00 1.558212903333689496e+02 1.512756674997187467e+00 8.794877678155899048e-03 9.837659308686852455e-04 9.902213811874389648e-01 1.274133203125000000e+04
7.379999999999999893e+00 1.584585171729704030e+02 1.492212982560804813e+00 8.373763412237167358e-03 1.017372356727719307e-03 9.906088709831237793e-01 1.264902929687500000e+04
7.439999999999999503e+00 1.611043014600636241e+02 1.472909492706504953e+00 8.503116667270660400e-03 1.319591770879924297e-03 9.901772737503051758e-01 1.255756835937500000e+04
7.500000000000000000e+00 1.637564529681937699e+02 1.452831369947639617e+00 8.303357288241386414e-03 1.325052930042147636e-03 9.903715848922729492e-01 1.246205859375000000e+04
7.559999999999999609e+00 1.664141624991930826e+02 1.432767364691900136e+00 8.325432427227497101e-03 1.260808203369379044e-03 9.904137849807739258e-01 1.236873730468750000e+04
7.620000000000000107e+00 1.690755445261881960e+02 1.412153228495602653e+00 8.094526827335357666e-03 1.299078576266765594e-03 9.906064867973327637e-01 1.226647949218750000e+04
7.679999999999999716e+00 1.717405900228504549e+02 1.392002284331060435e+00 8.017213083803653717e-03 1.261034980416297913e-03 9.907217025756835938e-01 1.216705566406250000e+04
7.739999999999999325e+00 1.744095397725960481e+02 1.372428936584697778e+00 8.535387925803661346e-03 1.288487692363560200e-03 9.901760816574096680e-01 1.207949511718750000e+04
7.799999999999999822e+00 1.770809539540242099e+02 1.352562830518048598e+00 9.087867103517055511e-03 1.319068018347024918e-03 9.895930290222167969e-01 1.198833886718750000e+04
7.859999999999999432e+00 1.797542997697884175e+02 1.332876494546580748e+00 9.759350679814815521e-03 1.351406564936041832e-03 9.888892173767089844e-01 1.189114550781250000e+04
7.919999999999999929e+00 1.824280061507899120e+02 1.312858832268874787e+00 9.806358255445957184e-03 1.533947535790503025e-03 9.886596798896789551e-01 1.179745800781250000e+04
7.979999999999999538e+00 1.850992307793159455e+02 1.291916689046660016e+00 9.357623755931854248e-03 1.631995313800871372e-03 9.890104532241821289e-01 1.169717480468750000e+04
8.039999999999999147e+00 1.877684693715790729e+02 1.271688516306900718e+00 9.405042044818401337e-03 1.547113410197198391e-03 9.890478849411010742e-01 1.159492285156250000e+04
8.099999999999999645e+00 1.904340623028776065e+02 1.251137885377853642e+00 9.386541321873664856e-03 1.420921878889203072e-03 9.891924858093261719e-01 1.147826074218750000e+04
8.160000000000000142e+00 1.930952784405889986e+02 1.230715026082686903e+00 9.346407838165760040e-03 1.289484906010329723e-03 9.893641471862792969e-01 1.136673828125000000e+04
8.219999999999998863e+00 1.957514564231718452e+02 1.210452755949425585e+00 9.344940073788166046e-03 1.300187781453132629e-03 9.893549680709838867e-01 1.126090234375000000e+04
8.279999999999999361e+00 1.984020305193776608e+02 1.190393522550352579e+00 9.406275115907192230e-03 1.375008956529200077e-03 9.892187714576721191e-01 1.116288574218750000e+04
8.339999999999999858e+00 2.010452967047258994e+02 1.170031038778456489e+00 9.633075445890426636e-03 1.338886795565485954e-03 9.890280365943908691e-01 1.106586523437500000e+04
8.400000000000000355e+00 2.036805606837731943e+02 1.149825053038828537e+00 9.771560318768024445e-03 1.419061911292374134e-03 9.888094067573547363e-01 1.098056640625000000e+04
8.459999999999999076e+00 2.063071464576884182e+02 1.129782965042327669e+00 9.638187475502490997e-03 1.430648379027843475e-03 9.889311194419860840e-01 1.087533984375000000e+04
8.519999999999999574e+00 2.089245383059630115e+02 1.109971874798740155e+00 9.478701278567314148e-03 1.507566659711301327e-03 9.890139102935791016e-01 1.076705566406250000e+04
8.580000000000000071e+00 2.115324659266464948e+02 1.090490632600255694e+00 9.414013475179672241e-03 1.621512230485677719e-03 9.889644980430603027e-01 1.065984863281250000e+04
8.640000000000000568e+00 2.141287368976905725e+02 1.070538706043997035e+00 9.339673444628715515e-03 1.534644630737602711e-03 9.891257882118225098e-01 1.054735546875000000e+04
8.699999999999999289e+00 2.167126664378902490e+02 1.050754251124473626e+00 9.784061461687088013e-03 1.101094065234065056e-03 9.891148209571838379e-01 1.043137988281250000e+04
8.759999999999999787e+00 2.192856043493144114e+02 1.031952069420889462e+00 1.014045160263776779e-02 1.187704270705580711e-03 9.886717796325683594e-01 1.033073144531250000e+04
8.820000000000000284e+00 2.218450459477336665e+02 1.012572678207630084e+00 1.036578323692083359e-02 1.166893751360476017e-03 9.884673953056335449e-01 1.022088476562500000e+04
8.879999999999999005e+00 2.243897980500794063e+02 9.931565106700382950e-01 1.015694625675678253e-02 9.577896562404930592e-04 9.888852238655090332e-01 1.010876562500000000e+04
8.939999999999999503e+00 2.269170444418055865e+02 9.730853919870446900e-01 9.506545029580593109e-03 8.785214158706367016e-04 9.896150231361389160e-01 9.991777343750000000e+03
9.000000000000000000e+00 2.294271852088317871e+02 9.536126176698924706e-01 9.078928269445896149e-03 9.313612245023250580e-04 9.899897575378417969e-01 9.884215820312500000e+03
9.060000000000000497e+00 2.319184960784266423e+02 9.339233664155979220e-01 9.175132028758525848e-03 9.905836777761578560e-04 9.898343682289123535e-01 9.787076171875000000e+03
9.119999999999999218e+00 2.343911180564812753e+02 9.147213144727326384e-01 8.944532833993434906e-03 9.731318568810820580e-04 9.900822639465332031e-01 9.690657226562500000e+03
9.179999999999999716e+00 2.368398195316877661e+02 8.940308715742414369e-01 8.624277077615261078e-03 9.357778471894562244e-04 9.904400706291198730e-01 9.593082031250000000e+03
9.240000000000000213e+00 2.392679453687065347e+02 8.750055563706879980e-01 8.761394768953323364e-03 1.021466101519763470e-03 9.902172088623046875e-01 9.514451171875000000e+03
9.299999999999998934e+00 2.416676702284877081e+02 8.536127300311070476e-01 8.469589985907077789e-03 1.175018376670777798e-03 9.903553724288940430e-01 9.433476562500000000e+03
9.359999999999999432e+00 2.440422689606557753e+02 8.338460280974777650e-01 7.876669056713581085e-03 1.268569147214293480e-03 9.908547997474670410e-01 9.345299804687500000e+03
9.419999999999999929e+00 2.463892573731870357e+02 8.136520074238974276e-01 7.699069101363420486e-03 1.196545315906405449e-03 9.911043047904968262e-01 9.252672851562500000e+03
9.480000000000000426e+00 2.487056484831551870e+02 7.928795753861496154e-01 7.903026416897773743e-03 1.020926749333739281e-03 9.910761117935180664e-01 9.164584960937500000e+03
9.539999999999999147e+00 2.509925313049168949e+02 7.729330090820570875e-01 8.012894541025161743e-03 9.475081460550427437e-04 9.910395741462707520e-01 9.080513671875000000e+03
9.599999999999999645e+00 2.532464807126729340e+02 7.522795957414046830e-01 7.555193267762660980e-03 9.585321531631052494e-04 9.914863109588623047e-01 8.992062500000000000e+03
9.660000000000000142e+00 2.554650356901083796e+02 7.312681075885253401e-01 7.254214491695165634e-03 9.241087827831506729e-04 9.918216466903686523e-01 8.905303710937500000e+03
9.719999999999998863e+00 2.576484970335273488e+02 7.108156528232779658e-01 6.930772215127944946e-03 8.324002264998853207e-04 9.922368526458740234e-01 8.822133789062500000e+03
9.779999999999999361e+00 2.597945832773690427e+02 6.900760991917627152e-01 6.808147765696048737e-03 7.920959033071994781e-04 9.923997521400451660e-01 8.745033203125000000e+03
9.839999999999999858e+00 2.619018877780894172e+02 6.693424100972849011e-01 6.918414030224084854e-03 8.149692439474165440e-04 9.922665953636169434e-01 8.668662109375000000e+03
9.900000000000000355e+00 2.639660749704674458e+02 6.476999347818372943e-01 6.688134279102087021e-03 8.801905787549912930e-04 9.924317002296447754e-01 8.601094726562500000e+03
9.959999999999999076e+00 2.659850806307175617e+02 6.258901764361621822e-01 6.461523007601499557e-03 1.005210215225815773e-03 9.925333261489868164e-01 8.536595703125000000e+03
1.001999999999999957e+01 2.679568895699747486e+02 6.039388480247602775e-01 6.646056193858385086e-03 9.975139982998371124e-04 9.923564195632934570e-01 8.479072265625000000e+03
1.008000000000000007e+01 2.698785340777441775e+02 5.815673981029634287e-01 6.904091220349073410e-03 9.931187378242611885e-04 9.921028017997741699e-01 8.425061523437500000e+03
1.013999999999999879e+01 2.717470142414936163e+02 5.587857506010032171e-01 7.222224492579698563e-03 1.054208609275519848e-03 9.917235970497131348e-01 8.365801757812500000e+03
1.019999999999999929e+01 2.735577688377853178e+02 5.351516240638293231e-01 7.306258194148540497e-03 1.077985856682062149e-03 9.916157722473144531e-01 8.285586914062500000e+03
1.025999999999999979e+01 2.753117187960986030e+02 5.123008813924616600e-01 7.289389614015817642e-03 1.064873766154050827e-03 9.916457533836364746e-01 8.200146484375000000e+03
1.032000000000000028e+01 2.770101906208162745e+02 4.903281013492187812e-01 7.346445694565773010e-03 1.068964833393692970e-03 9.915845394134521484e-01 8.113864746093750000e+03
1.037999999999999901e+01 2.786528338708264414e+02 4.687289251918200228e-01 7.723175454884767532e-03 1.165475579909980297e-03 9.911113381385803223e-01 8.031854003906250000e+03
1.043999999999999950e+01 2.802413867242857464e+02 4.480839877867865417e-01 7.981963455677032471e-03 1.173945609480142593e-03 9.908441901206970215e-01 7.949244140625000000e+03
1.050000000000000000e+01 2.817775979713858874e+02 4.283677878171868181e-01 7.763512898236513138e-03 1.300846575759351254e-03 9.909356236457824707e-01 7.857035644531250000e+03
1.055999999999999872e+01 2.832595228042300732e+02 4.085344411708933254e-01 7.559618912637233734e-03 1.383676077239215374e-03 9.910566806793212891e-01 7.765189453125000000e+03
1.061999999999999922e+01 2.846882815853704756e+02 3.894271691462985463e-01 7.492274511605501175e-03 1.342393807135522366e-03 9.911653399467468262e-01 7.663558105468750000e+03
1.067999999999999972e+01 2.860643179466636639e+02 3.708428951364589055e-01 7.578659337013959885e-03 1.392210251651704311e-03 9.910292029380798340e-01 7.558857910156250000e+03
1.074000000000000021e+01 2.873884059567820373e+02 3.528557447478575804e-01 7.829356938600540161e-03 1.430027419701218605e-03 9.907405376434326172e-01 7.463520019531250000e+03
1.079999999999999893e+01 2.886623900362102404e+02 3.357313431891148503e-01 8.087559603154659271e-03 1.561367418617010117e-03 9.903511404991149902e-01 7.372391113281250000e+03
1.085999999999999943e+01 2.898858844923636866e+02 3.188631989492555219e-01 8.020378649234771729e-03 1.729977899231016636e-03 9.902496337890625000e-01 7.280512695312500000e+03
1.091999999999999993e+01 2.910589260404441347e+02 3.023548598797857756e-01 7.822711952030658722e-03 2.059638034552335739e-03 9.901176691055297852e-01 7.193035156250000000e+03
1.098000000000000043e+01 2.921833251912149763e+02 2.866497722021718042e-01 7.779222913086414337e-03 2.214323962107300758e-03 9.900063872337341309e-01 7.105851074218750000e+03
1.103999999999999915e+01 2.932570940787520613e+02 2.707668673502509060e-01 7.957573980093002319e-03 2.181971911340951920e-03 9.898605346679687500e-01 7.022224121093750000e+03
1.109999999999999964e+01 2.942816910650232671e+02 2.555743036680513947e-01 8.144752122461795807e-03 2.039126120507717133e-03 9.898161292076110840e-01 6.944520996093750000e+03
1.116000000000000014e+01 2.952571204802267744e+02 2.406937895937708849e-01 8.104027248919010162e-03 1.880566822364926338e-03 9.900153875350952148e-01 6.863241210937500000e+03
1.121999999999999886e+01 2.961815572982867479e+02 2.256713554963032942e-01 7.962185889482498169e-03 1.758741214871406555e-03 9.902790784835815430e-01 6.788165527343750000e+03
1.127999999999999936e+01 2.970578639022006655e+02 2.116461765755591473e-01 8.157739415764808655e-03 1.772274379618465900e-03 9.900699257850646973e-01 6.725887695312500000e+03
1.133999999999999986e+01 2.978831720540551373e+02 1.972197134413743724e-01 8.761212229728698730e-03 1.809382694773375988e-03 9.894294142723083496e-01 6.673376953125000000e+03
1.140000000000000036e+01 2.986585079498385085e+02 1.833278185937791682e-01 9.109012782573699951e-03 1.928051467984914780e-03 9.889628887176513672e-01 6.614843261718750000e+03
1.145999999999999908e+01 2.993847464115674484e+02 1.699206671191936802e-01 9.554767981171607971e-03 1.983554800972342491e-03 9.884617328643798828e-01 6.563132812500000000e+03
1.151999999999999957e+01 3.000614634457492116e+02 1.566846606587329882e-01 1.012575440108776093e-02 2.211377490311861038e-03 9.876628518104553223e-01 6.524766601562500000e+03
1.158000000000000007e+01 3.006891084781674977e+02 1.438167823050131300e-01 1.071459986269474030e-02 2.359963953495025635e-03 9.869256019592285156e-01 6.496726074218750000e+03
1.163999999999999879e+01 3.012704159985006527e+02 1.318259629449514692e-01 1.169507484883069992e-02 2.591826720163226128e-03 9.857132434844970703e-01 6.473389160156250000e+03
1.169999999999999929e+01 3.018063901248248158e+02 1.202988770269617091e-01 1.283137965947389603e-02 2.843071240931749344e-03 9.843255877494812012e-01 6.464500976562500000e+03
1.175999999999999979e+01 3.022990340007352188e+02 1.094451533981373181e-01 1.422158349305391312e-02 3.207979490980505943e-03 9.825704693794250488e-01 6.466222656250000000e+03
1.182000000000000028e+01 3.027509175683780995e+02 9.937071584912501865e-02 1.591434702277183533e-02 3.652091603726148605e-03 9.804336428642272949e-01 6.468803222656250000e+03
1.187999999999999901e+01 3.031634793074025538e+02 8.980732021243106877e-02 1.759619638323783875e-02 4.205117467790842056e-03 9.781987071037292480e-01 6.473956542968750000e+03
1.193999999999999950e+01 3.035396013611472199e+02 8.105219383808363875e-02 1.912246830761432648e-02 5.222677718847990036e-03 9.756549000740051270e-01 6.496025878906250000e+03
1.200000000000000000e+01 3.038817587733296932e+02 7.299568014078848532e-02 2.057364955544471741e-02 6.481512449681758881e-03 9.729448556900024414e-01 6.514479980468750000e+03
1.205999999999999872e+01 3.041921919641108047e+02 6.556867549370490322e-02 2.167948894202709198e-02 7.804306223988533020e-03 9.705162644386291504e-01 6.527509765625000000e+03
1.211999999999999922e+01 3.044722933056771126e+02 5.857632388235212845e-02 2.261616848409175873e-02 9.508467279374599457e-03 9.678754806518554688e-01 6.541441406250000000e+03
1.217999999999999972e+01 3.047255187993608274e+02 5.243417088065910336e-02 2.414861321449279785e-02 1.050508674234151840e-02 9.653463959693908691e-01 6.564436523437500000e+03
1.224000000000000021e+01 3.049553898721299561e+02 4.713163848271251927e-02 2.584849856793880463e-02 1.082430500537157059e-02 9.633272886276245117e-01 6.567513183593750000e+03
1.229999999999999893e+01 3.051619931889374016e+02 4.194765771382061997e-02 2.789661288261413574e-02 1.079100836068391800e-02 9.613124132156372070e-01 6.614958496093750000e+03
1.235999999999999943e+01 3.053493575113124621e+02 3.767214105685501996e-02 3.073236718773841858e-02 1.029758434742689133e-02 9.589699506759643555e-01 6.670556152343750000e+03
1.241999999999999993e+01 3.055194467213701159e+02 3.386832508730606289e-02 3.303449228405952454e-02 9.299019351601600647e-03 9.576665163040161133e-01 6.730022949218750000e+03
1.248000000000000043e+01 3.056745304223675817e+02 3.058348911069862230e-02 3.580813854932785034e-02 8.971062488853931427e-03 9.552209973335266113e-01 6.795436035156250000e+03
1.253999999999999915e+01 3.058183682631633360e+02 2.809429382605466499e-02 3.880371898412704468e-02 9.166405536234378815e-03 9.520299434661865234e-01 6.860747558593750000e+03
1.259999999999999964e+01 3.059522186085068824e+02 2.589455983402223771e-02 4.092311114072799683e-02 1.007359940558671951e-02 9.490032792091369629e-01 6.892842773437500000e+03
1.266000000000000014e+01 3.060787751923729729e+02 2.425144621907204465e-02 4.297883808612823486e-02 1.085509173572063446e-02 9.461660981178283691e-01 6.901392578125000000e+03
1.271999999999999886e+01 3.061989821123261777e+02 2.281738304770701206e-02 4.591561108827590942e-02 1.126983296126127243e-02 9.428145885467529297e-01 6.885185546875000000e+03
1.277999999999999936e+01 3.063135608190318067e+02 2.154483447894604484e-02 4.844741523265838623e-02 1.228947378695011139e-02 9.392631053924560547e-01 6.881271972656250000e+03
1.283999999999999986e+01 3.064231086282650267e+02 2.040633727651780180e-02 5.026472359895706177e-02 1.287126913666725159e-02 9.368640184402465820e-01 6.856025878906250000e+03
1.290000000000000036e+01 3.065283266585807951e+02 1.941747274165115528e-02 5.208935961127281189e-02 1.382990367710590363e-02 9.340808391571044922e-01 6.850456542968750000e+03
1.295999999999999908e+01 3.066294522322862690e+02 1.848943271087423804e-02 5.420362576842308044e-02 1.416013203561306000e-02 9.316362738609313965e-01 6.852716796875000000e+03
1.301999999999999957e+01 3.067268420265885425e+02 1.764228328420764866e-02 5.696892365813255310e-02 1.331293396651744843e-02 9.297181963920593262e-01 6.844049804687500000e+03
1.308000000000000007e+01 3.068208375096359646e+02 1.687118597271896128e-02 6.018511578440666199e-02 1.298547349870204926e-02 9.268293976783752441e-01 6.834314453125000000e+03
1.313999999999999879e+01 3.069118814975611258e+02 1.619218839240897309e-02 6.308578699827194214e-02 1.310270186513662338e-02 9.238114953041076660e-01 6.805377441406250000e+03
1.319999999999999929e+01 3.070004288365191201e+02 1.560499486746145560e-02 6.650608777999877930e-02 1.323521975427865982e-02 9.202587604522705078e-01 6.784511718750000000e+03
1.325999999999999979e+01 3.070869203757566765e+02 1.510475238995163602e-02 6.943789869546890259e-02 1.363433152437210083e-02 9.169276952743530273e-01 6.752867675781250000e+03
1.332000000000000028e+01 3.071715281339226635e+02 1.464265753956234262e-02 7.290403544902801514e-02 1.415955089032649994e-02 9.129365086555480957e-01 6.736401367187500000e+03
1.337999999999999901e+01 3.072546917938547040e+02 1.426365245713556544e-02 7.602822035551071167e-02 1.496727112680673599e-02 9.090045094490051270e-01 6.690155761718750000e+03
1.343999999999999950e+01 3.073362385364273450e+02 1.386145292561147442e-02 7.818423956632614136e-02 1.527963578701019287e-02 9.065361022949218750e-01 6.646232421875000000e+03
1.350000000000000000e+01 3.074164964046496493e+02 1.352110319803643233e-02 7.975152879953384399e-02 1.530718710273504257e-02 9.049413204193115234e-01 6.595642089843750000e+03
1.355999999999999872e+01 3.074955691860542402e+02 1.320356256207881433e-02 8.066244423389434814e-02 1.610339619219303131e-02 9.032341837882995605e-01 6.552090820312500000e+03
1.361999999999999922e+01 3.075736082241180611e+02 1.291613886536591843e-02 8.257093280553817749e-02 1.588089205324649811e-02 9.015483260154724121e-01 6.487198730468750000e+03
1.367999999999999972e+01 3.076507736523155927e+02 1.265951843321598720e-02 8.517191559076309204e-02 1.675682514905929565e-02 8.980712294578552246e-01 6.446928222656250000e+03
1.374000000000000021e+01 3.077269815654329363e+02 1.239324066405955542e-02 8.779203891754150391e-02 1.661700569093227386e-02 8.955909013748168945e-01 6.373125976562500000e+03
1.379999999999999893e+01 3.078025599302432624e+02 1.218398458344015223e-02 8.913926780223846436e-02 1.685635745525360107e-02 8.940042853355407715e-01 6.311041992187500000e+03
1.385999999999999943e+01 3.078771112452234888e+02 1.191435905033023414e-02 8.938179910182952881e-02 1.787734776735305786e-02 8.927409052848815918e-01 6.268314941406250000e+03
1.391999999999999993e+01 3.079507564433565108e+02 1.166808771206807697e-02 8.825410902500152588e-02 1.869292370975017548e-02 8.930529952049255371e-01 6.223459960937500000e+03
1.397999999999999865e+01 3.080233939631975772e+02 1.140965044861218768e-02 8.795253932476043701e-02 1.900038123130798340e-02 8.930472135543823242e-01 6.207346191406250000e+03
1.403999999999999915e+01 3.080950876980411408e+02 1.116515323716125302e-02 8.718008548021316528e-02 1.941898092627525330e-02 8.934010267257690430e-01 6.178957031250000000e+03
1.409999999999999964e+01 3.081656809831453643e+02 1.090021229800536805e-02 8.785275369882583618e-02 1.885267905890941620e-02 8.932945132255554199e-01 6.155759765625000000e+03
1.416000000000000014e+01 3.082353920970936088e+02 1.067277769095703252e-02 8.869647979736328125e-02 1.814740709960460663e-02 8.931561112403869629e-01 6.115542480468750000e+03
1.421999999999999886e+01 3.083042715385354313e+02 1.045645796019435171e-02 8.996512740850448608e-02 1.826038584113121033e-02 8.917745351791381836e-01 6.072603515625000000e+03
1.427999999999999936e+01 3.083724836644132665e+02 1.026813645734692138e-02 9.007459133863449097e-02 1.928711868822574615e-02 8.906382918357849121e-01 6.050722167968750000e+03
1.433999999999999986e+01 3.084400337959918375e+02 1.008339342790819278e-02 8.980406820774078369e-02 2.108071558177471161e-02 8.891152143478393555e-01 6.025977539062500000e+03
1.439999999999999858e+01 3.085068261581300249e+02 9.887193928628943557e-03 9.061428904533386230e-02 2.258098870515823364e-02 8.868048191070556641e-01 5.999353515625000000e+03
1.445999999999999908e+01 3.085729161819390924e+02 9.702039478013985141e-03 9.021163731813430786e-02 2.398004196584224701e-02 8.858083486557006836e-01 5.973234375000000000e+03
1.451999999999999957e+01 3.086384645497918768e+02 9.542999648309416494e-03 8.847869187593460083e-02 2.520623244345188141e-02 8.863151669502258301e-01 5.944070312500000000e+03
1.458000000000000007e+01 3.087034567006345469e+02 9.384145322963242941e-03 8.737947046756744385e-02 2.801403403282165527e-02 8.846065402030944824e-01 5.919879394531250000e+03
1.463999999999999879e+01 3.087681420706561539e+02 9.263293863256895355e-03 8.858208358287811279e-02 3.243182599544525146e-02 8.789861798286437988e-01 5.879609375000000000e+03
1.469999999999999929e+01 3.088325807184861560e+02 9.152632033435647435e-03 8.987463265657424927e-02 3.670935705304145813e-02 8.734158873558044434e-01 5.863167480468750000e+03
1.475999999999999979e+01 3.088963554203782564e+02 8.984683026142204973e-03 9.106355160474777222e-02 3.687223047018051147e-02 8.720641732215881348e-01 5.828353027343750000e+03
1.482000000000000028e+01 3.089593328664538490e+02 8.800523726111305831e-03 9.313153475522994995e-02 3.341230750083923340e-02 8.734561204910278320e-01 5.787980468750000000e+03
1.487999999999999901e+01 3.090211316485848556e+02 8.566172889467248489e-03 9.402640908956527710e-02 2.814489975571632385e-02 8.778287172317504883e-01 5.757866699218750000e+03
1.493999999999999950e+01 3.090821138071729592e+02 8.385082444946597227e-03 9.232036024332046509e-02 2.511293999850749969e-02 8.825666904449462891e-01 5.725494140625000000e+03
1.500000000000000000e+01 3.091421535606330622e+02 8.189457533219248950e-03 8.882199972867965698e-02 2.305593527853488922e-02 8.881220817565917969e-01 5.719293945312500000e+03
1.505999999999999872e+01 3.092013155760537870e+02 8.005433226444220313e-03 8.532233536243438721e-02 2.341949008405208588e-02 8.912581205368041992e-01 5.712667968750000000e+03
1.511999999999999922e+01 3.092595552592547392e+02 7.818084664586572724e-03 8.238882571458816528e-02 1.885110884904861450e-02 8.987600803375244141e-01 5.694487304687500000e+03
1.517999999999999972e+01 3.093164115699153172e+02 7.572046269910897263e-03 8.057256042957305908e-02 1.106370706111192703e-02 9.083636999130249023e-01 5.686040527343750000e+03
1.524000000000000021e+01 3.093722147161436737e+02 7.373269554141219026e-03 7.880742102861404419e-02 6.573257967829704285e-03 9.146193265914916992e-01 5.659169433593750000e+03
1.529999999999999893e+01 3.094272742689943243e+02 7.217959887753243667e-03 7.630577683448791504e-02 4.127688705921173096e-03 9.195665717124938965e-01 5.621902343750000000e+03
1.535999999999999943e+01 3.094813371558263952e+02 7.031933988855349794e-03 7.484813779592514038e-02 2.704531885683536530e-03 9.224473834037780762e-01 5.589309082031250000e+03
1.541999999999999993e+01 3.095349308603454119e+02 6.916659634583125112e-03 7.234806567430496216e-02 1.559823635034263134e-03 9.260921478271484375e-01 5.550147949218750000e+03
1.547999999999999865e+01 3.095878924359727193e+02 6.782093936322146875e-03 7.269735634326934814e-02 7.202012930065393448e-04 9.265823960304260254e-01 5.514513183593750000e+03
1.553999999999999915e+01 3.096402013257022645e+02 6.646787307840425381e-03 7.285979390144348145e-02 5.468907183967530727e-04 9.265933036804199219e-01 5.519253417968750000e+03
1.559999999999999964e+01 3.096919360677417217e+02 6.523263810541771353e-03 7.412135601043701172e-02 3.809280460700392723e-04 9.254977107048034668e-01 5.501988769531250000e+03
1.566000000000000014e+01 3.097432347519597329e+02 6.418715897023381974e-03 7.565270364284515381e-02 3.531849069986492395e-04 9.239940643310546875e-01 5.502256347656250000e+03
1.571999999999999886e+01 3.097940549721457160e+02 6.310307792431271885e-03 7.750529050827026367e-02 3.002190205734223127e-04 9.221944808959960938e-01 5.490484863281250000e+03
1.577999999999999936e+01 3.098444275962092433e+02 6.207165867381982810e-03 7.867805659770965576e-02 2.650258538778871298e-04 9.210568666458129883e-01 5.481605468750000000e+03
1.583999999999999986e+01 3.098941916101513243e+02 6.085714284517354869e-03 8.031482994556427002e-02 2.043939748546108603e-04 9.194808006286621094e-01 5.477175781250000000e+03
1.589999999999999858e+01 3.099436470097993492e+02 6.002328524955673900e-03 8.209668099880218506e-02 1.671064383117482066e-04 9.177362322807312012e-01 5.460626953125000000e+03
1.595999999999999908e+01 3.099926907928502828e+02 5.907616769642379424e-03 8.558159321546554565e-02 1.166600195574574172e-04 9.143018126487731934e-01 5.437689453125000000e+03
1.601999999999999957e+01 3.100414131959084330e+02 5.824943002737342432e-03 8.770601451396942139e-02 1.500488288002088666e-04 9.121439456939697266e-01 5.423742187500000000e+03
1.607999999999999829e+01 3.100895342198186881e+02 5.710112928953375855e-03 8.780180662870407104e-02 7.926472608232870698e-05 9.121188521385192871e-01 5.406585449218750000e+03
1.614000000000000057e+01 3.101370638247993838e+02 5.598001868095277105e-03 8.562292903661727905e-02 0.000000000000000000e+00 9.143769741058349609e-01 5.392269042968750000e+03
1.619999999999999929e+01 3.101841434322271880e+02 5.503927591165200597e-03 8.386511355638504028e-02 0.000000000000000000e+00 9.161348938941955566e-01 5.378337890625000000e+03
1.625999999999999801e+01 3.102304709497879571e+02 5.376032829201851486e-03 8.192498236894607544e-02 0.000000000000000000e+00 9.180750250816345215e-01 5.366749511718750000e+03
1.632000000000000028e+01 3.102761296156317030e+02 5.259457797004973671e-03 7.962253689765930176e-02 0.000000000000000000e+00 9.203774929046630859e-01 5.345462890625000000e+03
1.637999999999999901e+01 3.103214235346999317e+02 5.179219478585578816e-03 7.816625386476516724e-02 0.000000000000000000e+00 9.218337535858154297e-01 5.327409667968750000e+03
1.643999999999999773e+01 3.103659843885659484e+02 5.058203237357936956e-03 7.786737382411956787e-02 0.000000000000000000e+00 9.221326112747192383e-01 5.309195800781250000e+03
1.650000000000000000e+01 3.104101523684270774e+02 4.977144784427489296e-03 7.880377769470214844e-02 0.000000000000000000e+00 9.211962223052978516e-01 5.301814941406250000e+03
1.655999999999999872e+01 3.104537429643848441e+02 4.876486650510851971e-03 7.904844731092453003e-02 0.000000000000000000e+00 9.209515452384948730e-01 5.273595703125000000e+03
1.662000000000000099e+01 3.104968450103032183e+02 4.787017959551083737e-03 7.980484515428543091e-02 0.000000000000000000e+00 9.201952815055847168e-01 5.240578125000000000e+03
1.667999999999999972e+01 3.105395368118704482e+02 4.707344183990968753e-03 8.075717091560363770e-02 0.000000000000000000e+00 9.192428588867187500e-01 5.227532714843750000e+03
1.673999999999999844e+01 3.105816830999456784e+02 4.613880923490269390e-03 8.051007241010665894e-02 0.000000000000000000e+00 9.194899201393127441e-01 5.205903320312500000e+03
1.680000000000000071e+01 3.106232621473019435e+02 4.519270776165260246e-03 7.905697077512741089e-02 0.000000000000000000e+00 9.209429621696472168e-01 5.193710937500000000e+03
1.685999999999999943e+01 3.106642617866921796e+02 4.424577046683705363e-03 7.685292512178421021e-02 0.000000000000000000e+00 9.231470227241516113e-01 5.179914062500000000e+03
1.691999999999999815e+01 3.107046924433734603e+02 4.332229511117751362e-03 7.382236421108245850e-02 0.000000000000000000e+00 9.261776804924011230e-01 5.160650390625000000e+03
1.698000000000000043e+01 3.107447646808576565e+02 4.263479223532509917e-03 7.275196909904479980e-02 0.000000000000000000e+00 9.272480607032775879e-01 5.153603027343750000e+03
1.703999999999999915e+01 3.107839854740588521e+02 4.143503519765038071e-03 7.114201784133911133e-02 0.000000000000000000e+00 9.288579225540161133e-01 5.149243652343750000e+03
1.709999999999999787e+01 3.108229855872464782e+02 4.091276158803567979e-03 7.094369828701019287e-02 0.000000000000000000e+00 9.290562868118286133e-01 5.129410156250000000e+03
1.716000000000000014e+01 3.108613203746267573e+02 3.993358551460626099e-03 6.900281459093093872e-02 0.000000000000000000e+00 9.309972524642944336e-01 5.116529785156250000e+03
1.721999999999999886e+01 3.108992178615405919e+02 3.920293968589821237e-03 6.890492886304855347e-02 0.000000000000000000e+00 9.310950636863708496e-01 5.103690917968750000e+03
1.728000000000000114e+01 3.109366715984322695e+02 3.847485002699639438e-03 6.842766702175140381e-02 0.000000000000000000e+00 9.315723776817321777e-01 5.098585449218750000e+03
1.733999999999999986e+01 3.109735913906274050e+02 3.766388319984676197e-03 6.779615581035614014e-02 0.000000000000000000e+00 9.322037696838378906e-01 5.087226562500000000e+03
1.739999999999999858e+01 3.110100285029461133e+02 3.691512128662173889e-03 6.838136911392211914e-02 0.000000000000000000e+00 9.316185712814331055e-01 5.075822753906250000e+03
1.746000000000000085e+01 3.110460422202237396e+02 3.623540875933673865e-03 6.815648823976516724e-02 0.000000000000000000e+00 9.318434596061706543e-01 5.066985839843750000e+03
1.751999999999999957e+01 3.110814757214349697e+02 3.540743279998882862e-03 6.881673634052276611e-02 0.000000000000000000e+00 9.311832189559936523e-01 5.053873535156250000e+03
1.757999999999999829e+01 3.111166505695387059e+02 3.490904620849457317e-03 6.971889734268188477e-02 0.000000000000000000e+00 9.302811026573181152e-01 5.045110839843750000e+03
1.764000000000000057e+01 3.111513647851837732e+02 3.421752883753781654e-03 7.011491060256958008e-02 0.000000000000000000e+00 9.298851490020751953e-01 5.021163085937500000e+03
1.769999999999999929e+01 3.111855100905440281e+02 3.342857791614780531e-03 7.094924151897430420e-02 0.000000000000000000e+00 9.290507435798645020e-01 5.007730468750000000e+03
1.775999999999999801e+01 3.112194010425006923e+02 3.295537813654056316e-03 7.010815292596817017e-02 0.000000000000000000e+00 9.298917651176452637e-01 4.996812988281250000e+03
1.782000000000000028e+01 3.112529381036717382e+02 3.239165306396014909e-03 7.158447057008743286e-02 0.000000000000000000e+00 9.284155368804931641e-01 4.977981933593750000e+03
1.787999999999999901e+01 3.112860960056733575e+02 3.181050845528621447e-03 7.426541298627853394e-02 0.000000000000000000e+00 9.257345795631408691e-01 4.954038085937500000e+03
1.793999999999999773e+01 3.113188069481221305e+02 3.117180107528478520e-03 7.489292323589324951e-02 0.000000000000000000e+00 9.251071214675903320e-01 4.936077636718750000e+03
1.800000000000000000e+01 3.113512221639530253e+02 3.068405672606367048e-03 7.651404291391372681e-02 0.000000000000000000e+00 9.234859347343444824e-01 4.923950195312500000e+03
1.805999999999999872e+01 3.113832282141705718e+02 3.009543639282049980e-03 7.701727002859115601e-02 0.000000000000000000e+00 9.229827523231506348e-01 4.911266113281250000e+03
1.812000000000000099e+01 3.114148933451381822e+02 2.957768461609720876e-03 7.779646664857864380e-02 0.000000000000000000e+00 9.222035408020019531e-01 4.899070800781250000e+03
1.817999999999999972e+01 3.114462038534556996e+02 2.905339449459733592e-03 7.907203584909439087e-02 0.000000000000000000e+00 9.209279417991638184e-01 4.885285644531250000e+03
1.823999999999999844e+01 3.114773574416412316e+02 2.871760431339116446e-03 8.032418787479400635e-02 0.000000000000000000e+00 9.196758270263671875e-01 4.870591308593750000e+03
1.830000000000000071e+01 3.115080147952102152e+02 2.807485969778947873e-03 8.232675492763519287e-02 0.000000000000000000e+00 9.176732897758483887e-01 4.846553710937500000e+03
1.835999999999999943e+01 3.115386704048833622e+02 2.788977798127030387e-03 8.442845940589904785e-02 0.000000000000000000e+00 9.155715107917785645e-01 4.836008300781250000e+03
1.841999999999999815e+01 3.115689310879004097e+02 2.735113162976325098e-03 8.616869896650314331e-02 0.000000000000000000e+00 9.138312935829162598e-01 4.827034667968750000e+03
1.848000000000000043e+01 3.115990880558089771e+02 2.708039327697634412e-03 8.931080251932144165e-02 0.000000000000000000e+00 9.106891751289367676e-01 4.811171875000000000e+03
1.853999999999999915e+01 3.116289326243118012e+02 2.662640315389743807e-03 9.124309569597244263e-02 0.000000000000000000e+00 9.087569117546081543e-01 4.806186035156250000e+03
1.859999999999999787e+01 3.116585316141613475e+02 2.623693633703870487e-03 9.238528460264205933e-02 0.000000000000000000e+00 9.076147079467773438e-01 4.783478515625000000e+03
1.866000000000000014e+01 3.116879792757810037e+02 2.593493392543025095e-03 9.369885176420211792e-02 0.000000000000000000e+00 9.063011407852172852e-01 4.761812988281250000e+03
1.871999999999999886e+01 3.117171183288242560e+02 2.549863165505472044e-03 9.527806937694549561e-02 0.000000000000000000e+00 9.047218561172485352e-01 4.740871582031250000e+03
1.877999999999999758e+01 3.117460931659614403e+02 2.519291990004929056e-03 9.949033707380294800e-02 0.000000000000000000e+00 9.005097150802612305e-01 4.723005371093750000e+03
1.883999999999999986e+01 3.117749049078601047e+02 2.489155185071060747e-03 1.000095605850219727e-01 0.000000000000000000e+00 8.999904394149780273e-01 4.713888671875000000e+03
1.889999999999999858e+01 3.118035210665981367e+02 2.456561193844252183e-03 1.017333343625068665e-01 0.000000000000000000e+00 8.982666730880737305e-01 4.696650390625000000e+03
1.896000000000000085e+01 3.118318581124233901e+02 2.417204521848358417e-03 1.055739298462867737e-01 0.000000000000000000e+00 8.944260478019714355e-01 4.693383789062500000e+03
1.901999999999999957e+01 3.118600650845832547e+02 2.390928540131495150e-03 1.058362424373626709e-01 0.000000000000000000e+00 8.941637873649597168e-01 4.681592285156250000e+03
1.907999999999999829e+01 3.118881226096336832e+02 2.363303277840215436e-03 1.092442348599433899e-01 0.000000000000000000e+00 8.907557725906372070e-01 4.660405761718750000e+03
1.914000000000000057e+01 3.119159521665199577e+02 2.329404861546665369e-03 1.117435768246650696e-01 0.000000000000000000e+00 8.882565498352050781e-01 4.654707519531250000e+03
1.919999999999999929e+01 3.119438165422404268e+02 2.317742338791731020e-03 1.170023009181022644e-01 0.000000000000000000e+00 8.829977512359619141e-01 4.627596191406250000e+03
1.925999999999999801e+01 3.119714141438258821e+02 2.281249763924974878e-03 1.222413033246994019e-01 0.000000000000000000e+00 8.777586817741394043e-01 4.621794921875000000e+03
1.932000000000000028e+01 3.119989867629121250e+02 2.265028300616903426e-03 1.234546378254890442e-01 0.000000000000000000e+00 8.765453100204467773e-01 4.611643066406250000e+03
1.937999999999999901e+01 3.120262801356727209e+02 2.228205987920025763e-03 1.255995482206344604e-01 0.000000000000000000e+00 8.744004368782043457e-01 4.599044433593750000e+03
1.943999999999999773e+01 3.120533703741084537e+02 2.197970341491372985e-03 1.251619607210159302e-01 0.000000000000000000e+00 8.748381137847900391e-01 4.596961425781250000e+03
1.950000000000000000e+01 3.120803014320183024e+02 2.171608755905980823e-03 1.249845549464225769e-01 0.000000000000000000e+00 8.750154972076416016e-01 4.587669433593750000e+03
1.955999999999999872e+01 3.121070289439294356e+02 2.141973633603683983e-03 1.257942169904708862e-01 0.000000000000000000e+00 8.742057681083679199e-01 4.585430175781250000e+03
1.962000000000000099e+01 3.121335896765029361e+02 2.115588778203613372e-03 1.265363991260528564e-01 0.000000000000000000e+00 8.734635710716247559e-01 4.570463378906250000e+03
1.967999999999999972e+01 3.121599609876811883e+02 2.087693281400550705e-03 1.262324452400207520e-01 0.000000000000000000e+00 8.737674951553344727e-01 4.574152832031250000e+03
1.973999999999999844e+01 3.121861509603738227e+02 2.060733725378997242e-03 1.268646419048309326e-01 0.000000000000000000e+00 8.731353878974914551e-01 4.557992675781250000e+03
1.980000000000000071e+01 3.122121162525748446e+02 2.030672835965263451e-03 1.256939321756362915e-01 0.000000000000000000e+00 8.743060231208801270e-01 4.560810546875000000e+03
1.985999999999999943e+01 3.122378414779769287e+02 1.999741437896572493e-03 1.225091591477394104e-01 0.000000000000000000e+00 8.774908781051635742e-01 4.549374511718750000e+03
1.991999999999999815e+01 3.122633016826693506e+02 1.967217650491734533e-03 1.216698884963989258e-01 0.000000000000000000e+00 8.783301115036010742e-01 4.539084472656250000e+03
1.998000000000000043e+01 3.122886645074552803e+02 1.947923563202455001e-03 1.203141063451766968e-01 0.000000000000000000e+00 8.796859383583068848e-01 4.536712890625000000e+03
2.003999999999999915e+01 3.123136053285049911e+02 1.904042599349319844e-03 1.180455014109611511e-01 0.000000000000000000e+00 8.819544911384582520e-01 4.513900390625000000e+03
2.009999999999999787e+01 3.123383594859925552e+02 1.878509943373751724e-03 1.163898631930351257e-01 0.000000000000000000e+00 8.836101889610290527e-01 4.508719726562500000e+03
2.016000000000000014e+01 3.123628483788156132e+02 1.847318145792756477e-03 1.139651313424110413e-01 0.000000000000000000e+00 8.860349059104919434e-01 4.497530761718750000e+03
2.021999999999999886e+01 3.123871472994391638e+02 1.822109371747047566e-03 1.111548766493797302e-01 0.000000000000000000e+00 8.888452053070068359e-01 4.494505371093750000e+03
2.027999999999999758e+01 3.124110988188567717e+02 1.785431173492588435e-03 1.086155176162719727e-01 0.000000000000000000e+00 8.913846015930175781e-01 4.471700195312500000e+03
2.033999999999999986e+01 3.124348683060421763e+02 1.761408413736330900e-03 1.088078171014785767e-01 0.000000000000000000e+00 8.911921977996826172e-01 4.471433593750000000e+03
2.039999999999999858e+01 3.124584419851711914e+02 1.736622457551336178e-03 1.066353172063827515e-01 0.000000000000000000e+00 8.933646678924560547e-01 4.447584472656250000e+03
2.046000000000000085e+01 3.124818117314043775e+02 1.711501831115622759e-03 1.046389043331146240e-01 0.000000000000000000e+00 8.953611850738525391e-01 4.442559082031250000e+03
2.051999999999999957e+01 3.125049809048384759e+02 1.686889870621203396e-03 1.023874282836914062e-01 0.000000000000000000e+00 8.976125717163085938e-01 4.430810058593750000e+03
2.057999999999999829e+01 3.125278639935880847e+02 1.656346144178491792e-03 1.022974178194999695e-01 0.000000000000000000e+00 8.977025151252746582e-01 4.421950683593750000e+03
2.064000000000000057e+01 3.125506910546806125e+02 1.642684381308546311e-03 1.000375151634216309e-01 0.000000000000000000e+00 8.999624848365783691e-01 4.410185546875000000e+03
2.069999999999999929e+01 3.125731984872996918e+02 1.610293787719077521e-03 1.000652089715003967e-01 0.000000000000000000e+00 8.999347686767578125e-01 4.397859375000000000e+03
2.075999999999999801e+01 3.125955508809072967e+02 1.589957611301864079e-03 9.844997525215148926e-02 0.000000000000000000e+00 9.015499949455261230e-01 4.382616699218750000e+03
2.082000000000000028e+01 3.126176834788375345e+02 1.565249347622197197e-03 9.944198280572891235e-02 0.000000000000000000e+00 9.005580544471740723e-01 4.364810546875000000e+03
2.087999999999999901e+01 3.126397309517795975e+02 1.550268122763871596e-03 9.890667349100112915e-02 0.000000000000000000e+00 9.010933637619018555e-01 4.345746582031250000e+03
2.093999999999999773e+01 3.126615226933545273e+02 1.523505384329044803e-03 9.455972909927368164e-02 0.000000000000000000e+00 9.054402709007263184e-01 4.337588867187500000e+03
2.100000000000000000e+01 3.126828621102761758e+02 1.483357420111085494e-03 8.739294856786727905e-02 0.000000000000000000e+00 9.126070737838745117e-01 4.327518066406250000e+03
2.105999999999999872e+01 3.127040377915778890e+02 1.463588435219999621e-03 8.202695846557617188e-02 0.000000000000000000e+00 9.179731011390686035e-01 4.315596191406250000e+03
2.111999999999999744e+01 3.127249497234032560e+02 1.437146756388702363e-03 7.461150735616683960e-02 0.000000000000000000e+00 9.253886342048645020e-01 4.301010253906250000e+03
2.117999999999999972e+01 3.127455135374053157e+02 1.405215881280998070e-03 6.911408156156539917e-02 0.000000000000000000e+00 9.308858513832092285e-01 4.278218261718750000e+03
2.123999999999999844e+01 3.127657889281872485e+02 1.377678953400907069e-03 6.419333815574645996e-02 0.000000000000000000e+00 9.358066916465759277e-01 4.272022949218750000e+03
2.130000000000000071e+01 3.127859745531215481e+02 1.363852325890253401e-03 6.071362644433975220e-02 0.000000000000000000e+00 9.392864108085632324e-01 4.247854492187500000e+03
2.135999999999999943e+01 3.128058033636241362e+02 1.332217340162888215e-03 5.790932849049568176e-02 0.000000000000000000e+00 9.420906305313110352e-01 4.234372558593750000e+03
2.141999999999999815e+01 3.128254597723925485e+02 1.313235874556533365e-03 5.414791032671928406e-02 0.000000000000000000e+00 9.458520412445068359e-01 4.219289062500000000e+03
2.148000000000000043e+01 3.128449510542361054e+02 1.294928955896830535e-03 5.103227496147155762e-02 0.000000000000000000e+00 9.489676356315612793e-01 4.199282714843750000e+03
2.153999999999999915e+01 3.128641686454441242e+02 1.269633185993054988e-03 4.879292473196983337e-02 0.000000000000000000e+00 9.512069821357727051e-01 4.184867675781250000e+03
2.159999999999999787e+01 3.128831713429420915e+02 1.248461349277551731e-03 4.509516060352325439e-02 0.000000000000000000e+00 9.549048542976379395e-01 4.168348144531250000e+03
2.166000000000000014e+01 3.129020298116768686e+02 1.232121471272150728e-03 4.386156424880027771e-02 0.000000000000000000e+00 9.561383724212646484e-01 4.159911132812500000e+03
2.171999999999999886e+01 3.129206370107496582e+02 1.208988138835255391e-03 4.207119345664978027e-02 0.000000000000000000e+00 9.579288363456726074e-01 4.147730957031250000e+03
2.177999999999999758e+01 3.129390556289277470e+02 1.190141677505815584e-03 3.913204744458198547e-02 0.000000000000000000e+00 9.608679413795471191e-01 4.133229980468750000e+03
2.183999999999999986e+01 3.129572681815112674e+02 1.170360432213814065e-03 3.731438145041465759e-02 0.000000000000000000e+00 9.626855254173278809e-01 4.124217773437500000e+03
2.189999999999999858e+01 3.129753396348146453e+02 1.154929988980700354e-03 3.466175869107246399e-02 0.000000000000000000e+00 9.653382301330566406e-01 4.105913085937500000e+03
2.196000000000000085e+01 3.129933610983429730e+02 1.145441569146485447e-03 3.319397196173667908e-02 0.000000000000000000e+00 9.668060541152954102e-01 4.100650878906250000e+03
2.201999999999999957e+01 3.130110993093499019e+02 1.121294019097914332e-03 3.290280327200889587e-02 0.000000000000000000e+00 9.670971632003784180e-01 4.091704101562500000e+03
2.207999999999999829e+01 3.130287947215315398e+02 1.112509285847896375e-03 3.096012957394123077e-02 0.000000000000000000e+00 9.690398573875427246e-01 4.091507568359375000e+03
2.214000000000000057e+01 3.130462996107094682e+02 1.094566194693004282e-03 3.001265227794647217e-02 0.000000000000000000e+00 9.699873328208923340e-01 4.081198486328125000e+03
2.219999999999999929e+01 3.130638060531935025e+02 1.088746237047410158e-03 2.894272655248641968e-02 0.000000000000000000e+00 9.710572361946105957e-01 4.080518310546875000e+03
2.225999999999999801e+01 3.130811431414728645e+02 1.072401440242900898e-03 2.714313752949237823e-02 0.000000000000000000e+00 9.728569388389587402e-01 4.071938720703125000e+03
2.232000000000000028e+01 3.130983421799074904e+02 1.058142565275777772e-03 2.616419084370136261e-02 0.000000000000000000e+00 9.738357663154602051e-01 4.072645751953125000e+03
2.237999999999999901e+01 3.131154795987828834e+02 1.048698177403596839e-03 2.612891420722007751e-02 0.000000000000000000e+00 9.738711714744567871e-01 4.059257324218750000e+03
2.243999999999999773e+01 3.131324592970495928e+02 1.033490319389286692e-03 2.491689100861549377e-02 0.000000000000000000e+00 9.750830531120300293e-01 4.061917724609375000e+03
2.250000000000000000e+01 3.131493974944068555e+02 1.025465851970660831e-03 2.359443157911300659e-02 0.000000000000000000e+00 9.764056801795959473e-01 4.057962158203125000e+03
2.255999999999999872e+01 3.131662739959691066e+02 1.016295963935053915e-03 2.313652075827121735e-02 0.000000000000000000e+00 9.768635034561157227e-01 4.047703125000000000e+03
2.261999999999999744e+01 3.131830102673403076e+02 1.002504680673316521e-03 2.183556742966175079e-02 0.000000000000000000e+00 9.781644344329833984e-01 4.041802246093750000e+03
2.267999999999999972e+01 3.131995414279712691e+02 9.849792833259846114e-04 2.181914448738098145e-02 0.000000000000000000e+00 9.781808853149414062e-01 4.042014404296875000e+03
2.273999999999999844e+01 3.132161295596784498e+02 9.831581210265082950e-04 2.113331109285354614e-02 0.000000000000000000e+00 9.788667559623718262e-01 4.040174316406250000e+03
2.280000000000000071e+01 3.132325891290965956e+02 9.704039919050159134e-04 2.020171284675598145e-02 0.000000000000000000e+00 9.797983765602111816e-01 4.035368652343750000e+03
2.285999999999999943e+01 3.132488591932601025e+02 9.541960396800651520e-04 1.926918327808380127e-02 0.000000000000000000e+00 9.807308316230773926e-01 4.022709960937500000e+03
2.291999999999999815e+01 3.132651760167030375e+02 9.519282102601460968e-04 1.882580295205116272e-02 0.000000000000000000e+00 9.811742901802062988e-01 4.026878906250000000e+03
2.298000000000000043e+01 3.132812858044497375e+02 9.349418676310965312e-04 1.849767565727233887e-02 0.000000000000000000e+00 9.815022349357604980e-01 4.020165039062500000e+03
2.303999999999999915e+01 3.132973589360775009e+02 9.279561083743709639e-04 1.820492185652256012e-02 0.000000000000000000e+00 9.817950129508972168e-01 4.011866943359375000e+03
2.309999999999999787e+01 3.133133892402914853e+02 9.206758414602758374e-04 1.758189126849174500e-02 0.000000000000000000e+00 9.824180603027343750e-01 4.018379882812500000e+03
2.316000000000000014e+01 3.133292980997892414e+02 9.089666604816414768e-04 1.656157523393630981e-02 0.000000000000000000e+00 9.834383726119995117e-01 3.997956298828125000e+03
2.321999999999999886e+01 3.133450562857327668e+02 8.957047931464475962e-04 1.595628075301647186e-02 0.000000000000000000e+00 9.840437173843383789e-01 3.996416748046875000e+03
2.327999999999999758e+01 3.133607881607667878e+02 8.895999493055668046e-04 1.556024421006441116e-02 0.000000000000000000e+00 9.844397902488708496e-01 3.992912353515625000e+03
2.333999999999999986e+01 3.133765231567073215e+02 8.852017532047074368e-04 1.688545197248458862e-02 0.000000000000000000e+00 9.831145405769348145e-01 3.995041259765625000e+03
2.339999999999999858e+01 3.133920581601943240e+02 8.694690129296986456e-04 1.590012945234775543e-02 0.000000000000000000e+00 9.840998649597167969e-01 3.980385986328125000e+03
2.346000000000000085e+01 3.134075310676478807e+02 8.615639733028043236e-04 1.541134063154459000e-02 0.000000000000000000e+00 9.845886826515197754e-01 3.980584716796875000e+03
2.351999999999999957e+01 3.134229717044516974e+02 8.553805185987519268e-04 1.556660607457160950e-02 0.000000000000000000e+00 9.844334125518798828e-01 3.979322998046875000e+03
2.357999999999999829e+01 3.134383183614694985e+02 8.458476486447516745e-04 1.514605898410081863e-02 0.000000000000000000e+00 9.848539233207702637e-01 3.972251953125000000e+03
2.364000000000000057e+01 3.134535738174991479e+02 8.365528895038039023e-04 1.492523122578859329e-02 0.000000000000000000e+00 9.850748181343078613e-01 3.970434326171875000e+03
2.369999999999999929e+01 3.134687489170951835e+02 8.279330486718895332e-04 1.477471366524696350e-02 0.000000000000000000e+00 9.852252602577209473e-01 3.962651855468750000e+03
2.375999999999999801e+01 3.134837998913307047e+02 8.170136671280762031e-04 1.428639050573110580e-02 0.000000000000000000e+00 9.857136011123657227e-01 3.961566894531250000e+03
2.382000000000000028e+01 3.134987869627423152e+02 8.094463693096406098e-04 1.449521724134683609e-02 0.000000000000000000e+00 9.855048060417175293e-01 3.958399169921875000e+03
2.387999999999999901e+01 3.135137736672687083e+02 8.053590924319746838e-04 1.329112891107797623e-02 0.000000000000000000e+00 9.867088794708251953e-01 3.949319824218750000e+03
2.393999999999999773e+01 3.135286853918972270e+02 7.973131225261795383e-04 1.359156519174575806e-02 0.000000000000000000e+00 9.864084124565124512e-01 3.946832763671875000e+03
2.400000000000000000e+01 3.135434021718407394e+02 7.829552097295868884e-04 1.316909678280353546e-02 0.000000000000000000e+00 9.868308901786804199e-01 3.937717773437500000e+03
2.405999999999999872e+01 3.135581381803800696e+02 7.800680928618854712e-04 1.358171366155147552e-02 0.000000000000000000e+00 9.864183068275451660e-01 3.936682861328125000e+03
2.411999999999999744e+01 3.135727903923415738e+02 7.717733628127009015e-04 1.301099918782711029e-02 0.000000000000000000e+00 9.869889616966247559e-01 3.933995117187500000e+03
2.417999999999999972e+01 3.135873355519687493e+02 7.623324651173389631e-04 1.201815996319055557e-02 0.000000000000000000e+00 9.879818558692932129e-01 3.922491699218750000e+03
2.423999999999999844e+01 3.136017237161810840e+02 7.503709315110511152e-04 1.184115931391716003e-02 0.000000000000000000e+00 9.881588816642761230e-01 3.927977050781250000e+03
2.430000000000000071e+01 3.136162473601359011e+02 7.536960459441279393e-04 1.216678880155086517e-02 0.000000000000000000e+00 9.878332018852233887e-01 3.920275390625000000e+03
2.435999999999999943e+01 3.136305048207838126e+02 7.362378836576442820e-04 9.573096409440040588e-03 0.000000000000000000e+00 9.904268980026245117e-01 3.909669433593750000e+03
2.441999999999999815e+01 3.136447353358584564e+02 7.312354153435294277e-04 1.061488036066293716e-02 0.000000000000000000e+00 9.893851280212402344e-01 3.909901611328125000e+03
2.448000000000000043e+01 3.136589528670091909e+02 7.269870263905643323e-04 8.798127993941307068e-03 0.000000000000000000e+00 9.912018775939941406e-01 3.911004150390625000e+03
2.453999999999999915e+01 3.136730060831471292e+02 7.150712271902177680e-04 8.315110579133033752e-03 0.000000000000000000e+00 9.916848540306091309e-01 3.907405029296875000e+03
2.459999999999999787e+01 3.136870317714603402e+02 7.101892133603289296e-04 7.992753759026527405e-03 0.000000000000000000e+00 9.920072555541992188e-01 3.901569580078125000e+03
2.466000000000000014e+01 3.137009941001302877e+02 7.035407146112579750e-04 6.600129883736371994e-03 0.000000000000000000e+00 9.933998584747314453e-01 3.895919189453125000e+03
2.471999999999999886e+01 3.137147903146206431e+02 6.917958639726476964e-04 6.082796491682529449e-03 0.000000000000000000e+00 9.939172267913818359e-01 3.891312011718750000e+03
2.477999999999999758e+01 3.137286172350192146e+02 6.899780269613364292e-04 5.428005009889602661e-03 0.000000000000000000e+00 9.945720434188842773e-01 3.891807128906250000e+03
2.483999999999999986e+01 3.137423190675791602e+02 6.804329447619574889e-04 4.576188512146472931e-03 0.000000000000000000e+00 9.954237937927246094e-01 3.880216064453125000e+03
2.489999999999999858e+01 3.137558765150924387e+02 6.700181503479052218e-04 4.227834753692150116e-03 0.000000000000000000e+00 9.957722425460815430e-01 3.881567626953125000e+03
2.496000000000000085e+01 3.137694479480786640e+02 6.674847639803604005e-04 4.200143739581108093e-03 0.000000000000000000e+00 9.957998991012573242e-01 3.875170654296875000e+03
2.501999999999999957e+01 3.137830373193683613e+02 6.651614337698689245e-04 4.031476099044084549e-03 0.000000000000000000e+00 9.959684610366821289e-01 3.873528564453125000e+03
2.507999999999999829e+01 3.137964757988786459e+02 6.546284601707925109e-04 3.558312775567173958e-03 0.000000000000000000e+00 9.964416623115539551e-01 3.863758056640625000e+03
2.514000000000000057e+01 3.138097786995397769e+02 6.449308221541370269e-04 3.689798992127180099e-03 0.000000000000000000e+00 9.963102340698242188e-01 3.860204345703125000e+03
2.519999999999999929e+01 3.138230788071087431e+02 6.417249632171156438e-04 3.785814158618450165e-03 0.000000000000000000e+00 9.962141513824462891e-01 3.858185302734375000e+03
2.525999999999999801e+01 3.138363545906659056e+02 6.375083457095251979e-04 3.387236269190907478e-03 0.000000000000000000e+00 9.966127276420593262e-01 3.851994628906250000e+03
2.532000000000000028e+01 3.138495096594653546e+02 6.287176874818633122e-04 3.466464346274733543e-03 0.000000000000000000e+00 9.965334534645080566e-01 3.847072509765625000e+03
2.537999999999999901e+01 3.138626017764835865e+02 6.227506153615065820e-04 3.120305947959423065e-03 0.000000000000000000e+00 9.968796372413635254e-01 3.844218017578125000e+03
2.543999999999999773e+01 3.138756287318328759e+02 6.167282037560662539e-04 3.427626565098762512e-03 0.000000000000000000e+00 9.965723752975463867e-01 3.844428710937500000e+03
2.550000000000000000e+01 3.138886483008779464e+02 6.134779184678052508e-04 2.553936094045639038e-03 0.000000000000000000e+00 9.974460601806640625e-01 3.839609130859375000e+03
2.555999999999999872e+01 3.139015137266831061e+02 6.033686650887498757e-04 3.396817948669195175e-03 0.000000000000000000e+00 9.966031908988952637e-01 3.838675537109375000e+03
2.561999999999999744e+01 3.139143627598672879e+02 5.997773997156837433e-04 3.302567172795534134e-03 0.000000000000000000e+00 9.966974258422851562e-01 3.830548583984375000e+03
2.567999999999999972e+01 3.139271553832620612e+02 5.943538700142561061e-04 2.995319198817014694e-03 0.000000000000000000e+00 9.970046877861022949e-01 3.828987548828125000e+03
2.573999999999999844e+01 3.139398743037099280e+02 5.881746701687309582e-04 3.286555875092744827e-03 0.000000000000000000e+00 9.967134594917297363e-01 3.831753906250000000e+03
2.580000000000000071e+01 3.139524804846266193e+02 5.802496929521325448e-04 2.964256331324577332e-03 0.000000000000000000e+00 9.970358014106750488e-01 3.819812500000000000e+03
2.585999999999999943e+01 3.139651053280877022e+02 5.784121556072148755e-04 2.709037857130169868e-03 0.000000000000000000e+00 9.972909688949584961e-01 3.819460937500000000e+03
2.591999999999999815e+01 3.139775924580948754e+02 5.694541405482822678e-04 2.789634745568037033e-03 0.000000000000000000e+00 9.972103834152221680e-01 3.812961669921875000e+03
2.598000000000000043e+01 3.139901878602104830e+02 5.717386295599860861e-04 2.363377716392278671e-03 0.000000000000000000e+00 9.976366758346557617e-01 3.811309082031250000e+03
2.603999999999999915e+01 3.140025186056428197e+02 5.571457883670837387e-04 2.542513189837336540e-03 0.000000000000000000e+00 9.974575042724609375e-01 3.812555908203125000e+03
2.609999999999999787e+01 3.140148272436216530e+02 5.535899043349043263e-04 2.212614519521594048e-03 0.000000000000000000e+00 9.977872967720031738e-01 3.803975585937500000e+03
2.616000000000000014e+01 3.140271570179994001e+02 5.519967697512512565e-04 2.106085885316133499e-03 0.000000000000000000e+00 9.978938698768615723e-01 3.805038818359375000e+03
2.621999999999999886e+01 3.140393728807191565e+02 5.443940548396251564e-04 2.203495008870959282e-03 0.000000000000000000e+00 9.977964758872985840e-01 3.799465576171875000e+03
2.627999999999999758e+01 3.140515691184164098e+02 5.410376553744961721e-04 1.817562733776867390e-03 0.000000000000000000e+00 9.981824159622192383e-01 3.797121337890625000e+03
2.633999999999999986e+01 3.140636168343173722e+02 5.320142321393646215e-04 2.260533859953284264e-03 0.000000000000000000e+00 9.977394342422485352e-01 3.795014892578125000e+03
2.639999999999999858e+01 3.140756800794678725e+02 5.302786277709947141e-04 2.126367064192891121e-03 0.000000000000000000e+00 9.978736639022827148e-01 3.792977783203125000e+03
2.645999999999999730e+01 3.140876933720082320e+02 5.256878713734026293e-04 2.135208575055003166e-03 0.000000000000000000e+00 9.978647232055664062e-01 3.788618164062500000e+03
2.651999999999999957e+01 3.140996413227724702e+02 5.204628541786099696e-04 2.173390472307801247e-03 0.000000000000000000e+00 9.978265762329101562e-01 3.789109619140625000e+03
2.657999999999999829e+01 3.141114528780105388e+02 5.121984580186242798e-04 2.305731177330017090e-03 0.000000000000000000e+00 9.976943731307983398e-01 3.783840332031250000e+03
2.664000000000000057e+01 3.141232480625454855e+02 5.091845572310146764e-04 2.040450926870107651e-03 0.000000000000000000e+00 9.979595541954040527e-01 3.784587158203125000e+03
2.669999999999999929e+01 3.141349848951818444e+02 5.043884280461210460e-04 2.023614011704921722e-03 0.000000000000000000e+00 9.979763627052307129e-01 3.777976318359375000e+03
2.675999999999999801e+01 3.141466906883779870e+02 5.007986672260123949e-04 1.379706314764916897e-03 0.000000000000000000e+00 9.986202716827392578e-01 3.779166992187500000e+03
2.682000000000000028e+01 3.141583642071126405e+02 4.971833690479050827e-04 1.492032082751393318e-03 0.000000000000000000e+00 9.985079765319824219e-01 3.774612060546875000e+03
2.687999999999999901e+01 3.141699200043009910e+02 4.899723439123720818e-04 1.342806848697364330e-03 0.000000000000000000e+00 9.986571669578552246e-01 3.770448242187500000e+03
2.693999999999999773e+01 3.141814061104559528e+02 4.848480656702681773e-04 1.736940583214163780e-03 0.000000000000000000e+00 9.982630610466003418e-01 3.773314453125000000e+03
2.700000000000000000e+01 3.141929139590849900e+02 4.836068966802964516e-04 1.458475133404135704e-03 0.000000000000000000e+00 9.985415935516357422e-01 3.772158447265625000e+03
2.705999999999999872e+01 3.142043272752178495e+02 4.775072766238720907e-04 1.442808890715241432e-03 0.000000000000000000e+00 9.985571503639221191e-01 3.764161621093750000e+03
2.711999999999999744e+01 3.142156683921566582e+02 4.723871310874616885e-04 1.284456462599337101e-03 0.000000000000000000e+00 9.987155795097351074e-01 3.763746826171875000e+03
2.717999999999999972e+01 3.142269141866049154e+02 4.663486389403948972e-04 1.351663144305348396e-03 0.000000000000000000e+00 9.986483454704284668e-01 3.764249023437500000e+03
2.723999999999999844e+01 3.142381695038680505e+02 4.646874022304985606e-04 1.575606060214340687e-03 0.000000000000000000e+00 9.984244704246520996e-01 3.760250732421875000e+03
2.730000000000000071e+01 3.142494066817554881e+02 4.618992125481300197e-04 1.042705960571765900e-03 0.000000000000000000e+00 9.989572763442993164e-01 3.764626953125000000e+03
2.735999999999999943e+01 3.142605229333307193e+02 4.549245205788679872e-04 8.546341559849679470e-04 0.000000000000000000e+00 9.991453886032104492e-01 3.765125976562500000e+03
2.741999999999999815e+01 3.142715718686202990e+02 4.501907930402979791e-04 8.885024581104516983e-04 0.000000000000000000e+00 9.991114735603332520e-01 3.752328369140625000e+03
2.748000000000000043e+01 3.142826327967673592e+02 4.487114147358760882e-04 4.867149982601404190e-04 0.000000000000000000e+00 9.995133280754089355e-01 3.749760986328125000e+03
2.753999999999999915e+01 3.142935563192629047e+02 4.412063674169694927e-04 7.247607572935521603e-04 0.000000000000000000e+00 9.992752075195312500e-01 3.750747070312500000e+03
2.759999999999999787e+01 3.143044452907028585e+02 4.378986155402128091e-04 9.306373540312051773e-04 0.000000000000000000e+00 9.990693926811218262e-01 3.752980224609375000e+03
2.766000000000000014e+01 3.143153699529248684e+02 4.374279148704747315e-04 5.217732978053390980e-04 0.000000000000000000e+00 9.994782209396362305e-01 3.747203857421875000e+03
2.771999999999999886e+01 3.143261063201368302e+02 4.280275198584398652e-04 7.668904727324843407e-04 0.000000000000000000e+00 9.992331266403198242e-01 3.748374023437500000e+03
2.777999999999999758e+01 3.143369205861280875e+02 4.292707728944643460e-04 4.978164797648787498e-04 0.000000000000000000e+00 9.995022416114807129e-01 3.742432617187500000e+03
2.783999999999999986e+01 3.143475873147187940e+02 4.215892376669619487e-04 4.156369541306048632e-04 0.000000000000000000e+00 9.995843172073364258e-01 3.742337402343750000e+03
2.789999999999999858e+01 3.143581458016954571e+02 4.155162381456471883e-04 6.298468797467648983e-04 0.000000000000000000e+00 9.993702173233032227e-01 3.739597900390625000e+03
2.795999999999999730e+01 3.143688751695003134e+02 4.204288519459911102e-04 6.198156625032424927e-04 0.000000000000000000e+00 9.993801712989807129e-01 3.742895996093750000e+03
2.801999999999999957e+01 3.143794111726087976e+02 4.110837824399069950e-04 4.809073871001601219e-04 0.000000000000000000e+00 9.995191097259521484e-01 3.736679199218750000e+03
2.807999999999999829e+01 3.143899109903549629e+02 4.079212041700410623e-04 3.920838353224098682e-04 0.000000000000000000e+00 9.996079206466674805e-01 3.736685302734375000e+03
2.814000000000000057e+01 3.144003161936512925e+02 4.025215448193537795e-04 4.260835994500666857e-04 0.000000000000000000e+00 9.995739459991455078e-01 3.733020019531250000e+03
2.819999999999999929e+01 3.144107188697281003e+02 4.007113412118401877e-04 3.653032763395458460e-04 0.000000000000000000e+00 9.996346831321716309e-01 3.731769287109375000e+03
2.825999999999999801e+01 3.144210464791887034e+02 3.961305198952088779e-04 3.372952633071690798e-04 0.000000000000000000e+00 9.996627569198608398e-01 3.733759277343750000e+03
2.832000000000000028e+01 3.144313852009823336e+02 3.948764269417666135e-04 3.369327459950000048e-04 0.000000000000000000e+00 9.996631145477294922e-01 3.728419433593750000e+03
2.837999999999999901e+01 3.144416172192208592e+02 3.891485656730457533e-04 2.785470569506287575e-04 0.000000000000000000e+00 9.997214078903198242e-01 3.722706787109375000e+03
2.843999999999999773e+01 3.144518333518070108e+02 3.869049702451723255e-04 3.719735832419246435e-04 0.000000000000000000e+00 9.996280074119567871e-01 3.727865234375000000e+03
2.850000000000000000e+01 3.144620121459630582e+02 3.838677735561181166e-04 1.244460290763527155e-04 0.000000000000000000e+00 9.998754858970642090e-01 3.727637207031250000e+03
2.855999999999999872e+01 3.144721741234360479e+02 3.816233516687891837e-04 6.232598389033228159e-05 0.000000000000000000e+00 9.999376535415649414e-01 3.722250244140625000e+03
2.861999999999999744e+01 3.144822215726933337e+02 3.757402919347979544e-04 9.455462713958695531e-05 0.000000000000000000e+00 9.999053478240966797e-01 3.719222167968750000e+03
2.867999999999999972e+01 3.144921930147742160e+02 3.713376431806032448e-04 6.351691263262182474e-05 0.000000000000000000e+00 9.999365210533142090e-01 3.723020507812500000e+03
2.873999999999999844e+01 3.145021650419655543e+02 3.698088737106948378e-04 1.905395620269700885e-04 0.000000000000000000e+00 9.998094439506530762e-01 3.720511718750000000e+03
2.879999999999999716e+01 3.145120936814093398e+02 3.666656915903117255e-04 9.568610403221100569e-05 0.000000000000000000e+00 9.999043345451354980e-01 3.717724853515625000e+03
2.885999999999999943e+01 3.145220031017867086e+02 3.644342853824789476e-04 9.587168460711836815e-05 0.000000000000000000e+00 9.999040961265563965e-01 3.715964111328125000e+03
2.891999999999999815e+01 3.145318547696701899e+02 3.608069876722642608e-04 6.428913911804556847e-05 0.000000000000000000e+00 9.999357461929321289e-01 3.719394042968750000e+03
2.898000000000000043e+01 3.145415922952821006e+02 3.551499340977154343e-04 3.252136593800969422e-05 0.000000000000000000e+00 9.999673962593078613e-01 3.713477050781250000e+03
2.903999999999999915e+01 3.145513838140059306e+02 3.556434899408494974e-04 9.702609531814232469e-05 0.000000000000000000e+00 9.999029636383056641e-01 3.713139404296875000e+03
2.909999999999999787e+01 3.145610762641984479e+02 3.505934331818510758e-04 0.000000000000000000e+00 0.000000000000000000e+00 1.000000000000000000e+00 3.713118896484375000e+03
2.916000000000000014e+01 3.145707041321147699e+02 3.468242196829764796e-04 3.289177038823254406e-05 0.000000000000000000e+00 9.999670386314392090e-01 3.704973632812500000e+03
2.921999999999999886e+01 3.145803288457713052e+02 3.452867331349992563e-04 6.580509943887591362e-05 0.000000000000000000e+00 9.999341368675231934e-01 3.707325927734375000e+03
2.927999999999999758e+01 3.145899272933069710e+02 3.429331899829531072e-04 1.319703442277386785e-04 0.000000000000000000e+00 9.998680353164672852e-01 3.716229003906250000e+03
2.933999999999999986e+01 3.145994439959630427e+02 3.386219674662956027e-04 1.331039238721132278e-04 0.000000000000000000e+00 9.998669028282165527e-01 3.708822265625000000e+03
2.939999999999999858e+01 3.146088945706603113e+02 3.348964871233756535e-04 0.000000000000000000e+00 0.000000000000000000e+00 1.000000000000000000e+00 3.708020019531250000e+03
2.945999999999999730e+01 3.146183689414357900e+02 3.343721664439690570e-04 1.336986315436661243e-04 0.000000000000000000e+00 9.998662471771240234e-01 3.705300292968750000e+03
2.951999999999999957e+01 3.146277630939552523e+02 3.301933550065775215e-04 3.371007915120571852e-05 0.000000000000000000e+00 9.999663233757019043e-01 3.706161376953125000e+03
2.957999999999999829e+01 3.146371813379670357e+02 3.296971822868058192e-04 3.362384813954122365e-05 0.000000000000000000e+00 9.999663829803466797e-01 3.702068603515625000e+03
2.964000000000000057e+01 3.146464526887714896e+02 3.232410193354601983e-04 3.415657920413650572e-05 0.000000000000000000e+00 9.999658465385437012e-01 3.706000244140625000e+03
2.969999999999999929e+01 3.146557158899599358e+02 3.216520125076112284e-04 6.837325781816616654e-05 0.000000000000000000e+00 9.999315738677978516e-01 3.701996337890625000e+03
2.975999999999999801e+01 3.146649995623891982e+02 3.210629999597367553e-04 3.411124271224252880e-05 0.000000000000000000e+00 9.999659061431884766e-01 3.696757568359375000e+03
2.982000000000000028e+01 3.146742024800523154e+02 3.169894441200710113e-04 6.882113666506484151e-05 0.000000000000000000e+00 9.999312162399291992e-01 3.701270996093750000e+03
2.987999999999999901e+01 3.146833559920978018e+02 3.140214808215092295e-04 1.729814830468967557e-04 0.000000000000000000e+00 9.998269677162170410e-01 3.701963378906250000e+03
2.993999999999999773e+01 3.146925120704337928e+02 3.128505659846088317e-04 0.000000000000000000e+00 0.000000000000000000e+00 1.000000000000000000e+00 3.699136962890625000e+03
3.000000000000000000e+01 3.147015656696355563e+02 3.081116010100248609e-04 3.497808938845992088e-05 0.000000000000000000e+00 9.999649524688720703e-01 3.697491210937500000e+03
