5.999999999999999778e-02 6.445011418344926248e-04 1.641734263307655084e+01 0.000000000000000000e+00 1.000000000000000000e+00 0.000000000000000000e+00 3.029891601562500000e+04
1.199999999999999956e-01 5.166213903350643649e-03 1.645447770722243064e+01 0.000000000000000000e+00 1.000000000000000000e+00 0.000000000000000000e+00 3.028748242187500000e+04
1.799999999999999933e-01 1.740790915241887532e-02 1.641221258854928422e+01 0.000000000000000000e+00 1.000000000000000000e+00 0.000000000000000000e+00 3.026141796875000000e+04
2.399999999999999911e-01 4.124073692210784153e-02 1.640790079093885723e+01 0.000000000000000000e+00 1.000000000000000000e+00 0.000000000000000000e+00 3.022863671875000000e+04
2.999999999999999889e-01 8.037225409129779286e-02 1.634090187955536777e+01 0.000000000000000000e+00 1.000000000000000000e+00 0.000000000000000000e+00 3.018250000000000000e+04
3.599999999999999867e-01 1.385400049238652842e-01 1.628246112503928700e+01 0.000000000000000000e+00 1.000000000000000000e+00 0.000000000000000000e+00 3.012517187500000000e+04
4.199999999999999845e-01 2.194020958924929321e-01 1.621886344799100144e+01 0.000000000000000000e+00 1.000000000000000000e+00 0.000000000000000000e+00 3.002646289062500000e+04
4.799999999999999822e-01 3.264166858049367126e-01 1.613004050400410350e+01 0.000000000000000000e+00 1.000000000000000000e+00 0.000000000000000000e+00 2.990352539062500000e+04
5.400000000000000355e-01 4.630872557020280778e-01 1.604332725810727922e+01 0.000000000000000000e+00 1.000000000000000000e+00 0.000000000000000000e+00 2.979595117187500000e+04
5.999999999999999778e-01 6.326274454169786843e-01 1.593611829531264590e+01 0.000000000000000000e+00 1.000000000000000000e+00 0.000000000000000000e+00 2.971483984375000000e+04
6.599999999999999201e-01 8.381522989141411140e-01 1.581668715111078249e+01 0.000000000000000000e+00 1.000000000000000000e+00 0.000000000000000000e+00 2.965541601562500000e+04
7.199999999999999734e-01 1.082527477333920629e+00 1.567998908519730783e+01 0.000000000000000000e+00 1.000000000000000000e+00 0.000000000000000000e+00 2.962549804687500000e+04
7.800000000000000266e-01 1.368509898951694614e+00 1.553265397940994852e+01 0.000000000000000000e+00 1.000000000000000000e+00 0.000000000000000000e+00 2.967898437500000000e+04
8.399999999999999689e-01 1.698504089292346864e+00 1.536732013556723331e+01 0.000000000000000000e+00 1.000000000000000000e+00 0.000000000000000000e+00 2.987604882812500000e+04
8.999999999999999112e-01 2.074189402904374813e+00 1.516610399256046193e+01 0.000000000000000000e+00 1.000000000000000000e+00 0.000000000000000000e+00 3.047681250000000000e+04
9.599999999999999645e-01 2.494475239724724513e+00 1.484870780609671748e+01 0.000000000000000000e+00 1.000000000000000000e+00 0.000000000000000000e+00 3.323877734375000000e+04
1.020000000000000018e+00 2.928884170494378214e+00 1.354427801032609580e+01 0.000000000000000000e+00 1.000000000000000000e+00 0.000000000000000000e+00 5.707464843750000000e+04
1.080000000000000071e+00 3.366382301263687538e+00 1.212662258813142913e+01 0.000000000000000000e+00 1.000000000000000000e+00 0.000000000000000000e+00 8.873807812500000000e+04
1.139999999999999902e+00 3.804191962349632750e+00 1.085910589420976713e+01 7.329468303396424744e-07 9.999992847442626953e-01 0.000000000000000000e+00 1.229403984375000000e+05
1.199999999999999956e+00 4.238821489273411736e+00 9.703150191329530827e+00 2.624589204788208008e-01 7.375423908233642578e-01 0.000000000000000000e+00 1.208118359375000000e+05
1.260000000000000009e+00 4.692883207607009943e+00 9.172315246815253786e+00 8.979166746139526367e-01 1.020837351679801941e-01 0.000000000000000000e+00 4.109423828125000000e+04
1.319999999999999840e+00 5.187097451246085456e+00 9.076490717931394059e+00 9.698559641838073730e-01 3.014421276748180389e-02 0.000000000000000000e+00 2.986924804687500000e+04
1.379999999999999893e+00 5.722858178083558123e+00 8.984466056034319692e+00 9.732942581176757812e-01 2.670549228787422180e-02 0.000000000000000000e+00 2.923074218750000000e+04
1.439999999999999947e+00 6.300848888561582761e+00 8.885410997077022088e+00 9.745356440544128418e-01 2.546426653861999512e-02 0.000000000000000000e+00 2.912450585937500000e+04
1.500000000000000000e+00 6.922043755301073631e+00 8.786042838166503444e+00 9.734626412391662598e-01 2.653718926012516022e-02 0.000000000000000000e+00 2.942720703125000000e+04
1.560000000000000053e+00 7.587057422493701964e+00 8.682653551553002558e+00 9.717411398887634277e-01 2.825869061052799225e-02 0.000000000000000000e+00 2.994472851562500000e+04
1.619999999999999885e+00 8.296077918323922162e+00 8.571827545499445478e+00 9.711657166481018066e-01 2.883415482938289642e-02 0.000000000000000000e+00 3.053487890625000000e+04
1.679999999999999938e+00 9.049284244647513020e+00 8.455876554525909583e+00 9.687793254852294922e-01 3.122049383819103241e-02 0.000000000000000000e+00 3.170491796875000000e+04
1.739999999999999991e+00 9.846165864996079264e+00 8.329471603733878737e+00 9.645838141441345215e-01 3.541595116257667542e-02 0.000000000000000000e+00 3.354782421875000000e+04
1.799999999999999822e+00 1.068468063349604691e+01 8.180559641245752189e+00 9.530518054962158203e-01 4.694743081927299500e-02 3.775923289595084498e-07 3.754816796875000000e+04
1.859999999999999876e+00 1.155278273156706170e+01 7.923008837285070882e+00 9.215361475944519043e-01 7.846330851316452026e-02 0.000000000000000000e+00 4.974133203125000000e+04
1.919999999999999929e+00 1.243716954633846328e+01 7.567328643000196031e+00 9.210600852966308594e-01 7.894028723239898682e-02 0.000000000000000000e+00 6.221120703125000000e+04
1.979999999999999982e+00 1.333068326016120331e+01 7.182210910309946073e+00 9.254856109619140625e-01 7.451393455266952515e-02 3.543501918557012687e-07 7.489512500000000000e+04
2.040000000000000036e+00 1.422450716254902048e+01 6.762200116206754430e+00 9.387413263320922852e-01 6.125880032777786255e-02 0.000000000000000000e+00 8.753341406250000000e+04
2.100000000000000089e+00 1.510850230784245873e+01 6.305785604827954138e+00 9.418710470199584961e-01 5.812918767333030701e-02 0.000000000000000000e+00 1.027584843750000000e+05
2.160000000000000142e+00 1.595833590953234804e+01 5.725407365059908216e+00 9.364568591117858887e-01 6.354332715272903442e-02 0.000000000000000000e+00 1.245661250000000000e+05
2.219999999999999751e+00 1.671242126609354273e+01 4.805798196594910365e+00 9.313779473304748535e-01 6.498369574546813965e-02 3.638580674305558205e-03 1.571508750000000000e+05
2.279999999999999805e+00 1.725673968437758177e+01 3.286417053621726758e+00 2.441628277301788330e-01 1.867084205150604248e-02 7.371670007705688477e-01 7.201970312500000000e+04
2.339999999999999858e+00 1.781157426347542128e+01 3.178158566072142310e+00 1.735033839941024780e-02 2.212495077401399612e-03 9.804370999336242676e-01 2.318818359375000000e+04
2.399999999999999911e+00 1.838991132882192403e+01 3.147179812206290617e+00 4.685550462454557419e-03 4.231976636219769716e-04 9.948913455009460449e-01 2.119675000000000000e+04
2.459999999999999964e+00 1.899376917970612766e+01 3.125795221882733177e+00 2.821415895596146584e-03 4.116286581847816706e-04 9.967669248580932617e-01 2.075923046875000000e+04
2.520000000000000018e+00 1.962369018870161241e+01 3.105466169921574426e+00 2.665117383003234863e-03 2.861083194147795439e-04 9.970487356185913086e-01 2.054554101562500000e+04
2.580000000000000071e+00 2.028039133905081925e+01 3.086937218736949706e+00 3.338737878948450089e-03 3.455922415014356375e-04 9.963155984878540039e-01 2.050936718750000000e+04
2.639999999999999680e+00 2.096346479926836182e+01 3.064980307799347159e+00 2.378896810114383698e-03 4.048418777529150248e-04 9.972162246704101562e-01 2.029840429687500000e+04
2.699999999999999734e+00 2.167398153105355973e+01 3.046449112220829925e+00 2.031199168413877487e-03 2.447070728521794081e-04 9.977241158485412598e-01 2.010752343750000000e+04
2.759999999999999787e+00 2.241233015444901255e+01 3.028162041748567734e+00 2.698699012398719788e-03 2.234289277112111449e-04 9.970780014991760254e-01 2.004612890625000000e+04
2.819999999999999840e+00 2.317845431588922267e+01 3.008392048031306665e+00 2.745951758697628975e-03 2.891792682930827141e-04 9.969648122787475586e-01 1.995764843750000000e+04
2.879999999999999893e+00 2.397302531807489601e+01 2.990111397126094861e+00 2.478772541508078575e-03 3.680346126202493906e-04 9.971531629562377930e-01 1.985166796875000000e+04
2.939999999999999947e+00 2.479615318463391205e+01 2.971162180051023505e+00 2.359663369134068489e-03 2.313092991244047880e-04 9.974089860916137695e-01 1.971188476562500000e+04
3.000000000000000000e+00 2.564830783355563781e+01 2.952916495381848527e+00 2.289450727403163910e-03 1.835186558309942484e-04 9.975270628929138184e-01 1.960537500000000000e+04
3.060000000000000053e+00 2.652959453134878487e+01 2.934122109338836548e+00 2.085224026814103127e-03 2.016174403252080083e-04 9.977132081985473633e-01 1.951126562500000000e+04
3.120000000000000107e+00 2.744027016244829653e+01 2.915368978613886330e+00 1.691509853117167950e-03 1.385671639582142234e-04 9.981698989868164062e-01 1.936725585937500000e+04
3.179999999999999716e+00 2.838070992938117598e+01 2.897057828120970235e+00 1.717784558422863483e-03 2.852627367246896029e-04 9.979969263076782227e-01 1.929696875000000000e+04
3.239999999999999769e+00 2.935133123885984574e+01 2.879304061625968192e+00 2.034835284575819969e-03 1.460557250538840890e-04 9.978191256523132324e-01 1.923146875000000000e+04
3.299999999999999822e+00 3.035224210188484406e+01 2.861199431263756754e+00 1.983436290174722672e-03 2.210280508734285831e-04 9.977955818176269531e-01 1.914744921875000000e+04
3.359999999999999876e+00 3.138337829734744489e+01 2.842341346821837700e+00 1.749033574014902115e-03 1.673852966632694006e-04 9.980836510658264160e-01 1.902907226562500000e+04
3.419999999999999929e+00 3.244574107685457420e+01 2.825677087590350300e+00 1.641626236960291862e-03 1.364349300274625421e-04 9.982219338417053223e-01 1.892683593750000000e+04
3.479999999999999982e+00 3.353898926957786841e+01 2.807566480866694469e+00 2.031335607171058655e-03 2.049764298135414720e-04 9.977636337280273438e-01 1.888845898437500000e+04
3.540000000000000036e+00 3.466348734403186427e+01 2.789936540984244928e+00 1.768009504303336143e-03 2.230241370853036642e-04 9.980089664459228516e-01 1.878713671875000000e+04
3.599999999999999645e+00 3.581972906479045804e+01 2.773079996899261879e+00 1.786298002116382122e-03 1.404771901434287429e-04 9.980733394622802734e-01 1.868231640625000000e+04
3.659999999999999698e+00 3.700767259360048200e+01 2.755707229240878853e+00 1.585336518473923206e-03 1.089010693249292672e-04 9.983057975769042969e-01 1.857864257812500000e+04
3.719999999999999751e+00 3.822726230876091336e+01 2.737863988098011347e+00 1.692492631264030933e-03 8.157632692018523812e-05 9.982259273529052734e-01 1.850506445312500000e+04
3.779999999999999805e+00 3.947948390975834343e+01 2.721885223241486962e+00 1.999058527871966362e-03 1.119414591812528670e-04 9.978890419006347656e-01 1.845908789062500000e+04
3.839999999999999858e+00 4.076380594099779131e+01 2.704427994530624435e+00 1.966508803889155388e-03 1.722538145259022713e-04 9.978612661361694336e-01 1.838823437500000000e+04
3.899999999999999911e+00 4.208036794464143782e+01 2.687021273811124100e+00 1.601483440026640892e-03 1.499283825978636742e-04 9.982485771179199219e-01 1.827320507812500000e+04
3.959999999999999964e+00 4.342967807859810847e+01 2.670414409594349170e+00 1.476143370382487774e-03 1.524144172435626388e-04 9.983715415000915527e-01 1.818314453125000000e+04
4.019999999999999574e+00 4.481177500970818528e+01 2.653657961232375406e+00 1.649748883210122585e-03 1.448890689061954618e-04 9.982054829597473145e-01 1.812932421875000000e+04
4.080000000000000071e+00 4.622684914471571460e+01 2.637069770876765418e+00 1.632365514524281025e-03 2.311371354153379798e-04 9.981365799903869629e-01 1.807446875000000000e+04
4.139999999999999680e+00 4.767437939610594100e+01 2.619369154689008106e+00 1.840085606090724468e-03 1.578827941557392478e-04 9.980020523071289062e-01 1.798950781250000000e+04
4.200000000000000178e+00 4.915326808912577405e+01 2.599658510354184049e+00 1.391262048855423927e-03 1.826909283408895135e-04 9.984261393547058105e-01 1.786151953125000000e+04
4.259999999999999787e+00 5.066355425654785449e+01 2.580070929932901436e+00 1.600991701707243919e-03 1.816289732232689857e-04 9.982174634933471680e-01 1.779000781250000000e+04
4.320000000000000284e+00 5.220499260179161638e+01 2.560147054340619732e+00 1.398455584421753883e-03 1.804327912395820022e-04 9.984211325645446777e-01 1.767877343750000000e+04
4.379999999999999893e+00 5.377812568039676222e+01 2.541209562841909353e+00 1.788220950402319431e-03 2.602459280751645565e-04 9.979515075683593750e-01 1.763545703125000000e+04
4.439999999999999503e+00 5.538237239196060813e+01 2.521434533315401350e+00 1.533299917355179787e-03 1.412706478731706738e-04 9.983254075050354004e-01 1.749085742187500000e+04
4.500000000000000000e+00 5.701752452103660573e+01 2.501479881427704832e+00 1.564266392961144447e-03 2.326856192667037249e-04 9.982030391693115234e-01 1.741050585937500000e+04
4.559999999999999609e+00 5.868419110085535095e+01 2.482597941659418606e+00 1.476959092542529106e-03 1.195783042930997908e-04 9.984034895896911621e-01 1.728642968750000000e+04
4.620000000000000107e+00 6.038149950499351348e+01 2.462575891634345648e+00 1.445665722712874413e-03 1.473830343456938863e-04 9.984069466590881348e-01 1.719913281250000000e+04
4.679999999999999716e+00 6.211003900634053565e+01 2.443586934618322992e+00 1.433053868822753429e-03 1.035291425068862736e-04 9.984633922576904297e-01 1.709963671875000000e+04
4.740000000000000213e+00 6.386931413263872059e+01 2.424077453475399047e+00 1.548250555060803890e-03 1.337000285275280476e-04 9.983180165290832520e-01 1.702163867187500000e+04
4.799999999999999822e+00 6.565986402406016964e+01 2.405494450623817393e+00 1.525792176835238934e-03 1.496493059676140547e-04 9.983246326446533203e-01 1.692947265625000000e+04
4.859999999999999432e+00 6.748091290424864042e+01 2.386064470197307941e+00 1.104115974158048630e-03 1.380665198666974902e-04 9.987578392028808594e-01 1.679686132812500000e+04
4.919999999999999929e+00 6.933267703916004621e+01 2.367134409740521583e+00 1.245127758011221886e-03 1.665020536165684462e-04 9.985883831977844238e-01 1.672817382812500000e+04
4.979999999999999538e+00 7.121462119189958173e+01 2.347747751618550982e+00 1.187942805700004101e-03 1.246473839273676276e-04 9.986873865127563477e-01 1.662901367187500000e+04
5.040000000000000036e+00 7.312602240233145778e+01 2.327724787176346677e+00 1.102277310565114021e-03 1.192342097056098282e-04 9.987785220146179199e-01 1.652836328125000000e+04
5.099999999999999645e+00 7.506697020187795033e+01 2.308092901148451670e+00 1.025769393891096115e-03 1.054643144016154110e-04 9.988688230514526367e-01 1.642064648437500000e+04
5.160000000000000142e+00 7.703656817851987171e+01 2.287696066886287127e+00 1.070897327736020088e-03 9.586109081283211708e-05 9.988332390785217285e-01 1.632637988281250000e+04
5.219999999999999751e+00 7.903493806571691493e+01 2.267758175260980114e+00 1.038649585098028183e-03 9.129974205279722810e-05 9.988700747489929199e-01 1.622477050781250000e+04
5.279999999999999361e+00 8.106183432293366309e+01 2.247856608321666450e+00 8.971481584012508392e-04 1.006785751087591052e-04 9.990022182464599609e-01 1.612018750000000000e+04
5.339999999999999858e+00 8.311699933387070871e+01 2.227991099586037915e+00 9.566500666551291943e-04 5.892666376894339919e-05 9.989843964576721191e-01 1.602153417968750000e+04
5.399999999999999467e+00 8.520017914155106098e+01 2.208178031089226501e+00 9.170381235890090466e-04 8.346301910933107138e-05 9.989994168281555176e-01 1.592571191406250000e+04
5.459999999999999964e+00 8.731093145586972071e+01 2.188233251856968486e+00 7.778030121698975563e-04 7.153026672312989831e-05 9.991506338119506836e-01 1.581991015625000000e+04
5.519999999999999574e+00 8.944943119243910701e+01 2.168805502789351358e+00 9.745899587869644165e-04 7.699350680923089385e-05 9.989484548568725586e-01 1.574520312500000000e+04
5.580000000000000071e+00 9.161555149474811799e+01 2.149575947123545383e+00 8.867512224242091179e-04 8.907168376026675105e-05 9.990240931510925293e-01 1.565190527343750000e+04
5.639999999999999680e+00 9.380810845001161624e+01 2.129518603488782524e+00 7.223499123938381672e-04 6.480226147687062621e-05 9.992128014564514160e-01 1.554462304687500000e+04
5.700000000000000178e+00 9.602761411941565939e+01 2.110311207028760183e+00 9.102066396735608578e-04 7.805015775375068188e-05 9.990116357803344727e-01 1.547056250000000000e+04
5.759999999999999787e+00 9.827334298129882484e+01 2.090761650063246879e+00 8.117550751194357872e-04 5.109559060656465590e-05 9.991371631622314453e-01 1.536452636718750000e+04
5.819999999999999396e+00 1.005436873733379741e+02 2.070099136345473045e+00 7.819662569090723991e-04 7.882249337853863835e-05 9.991391897201538086e-01 1.526749218750000000e+04
5.879999999999999893e+00 1.028388424593963180e+02 2.050014412682380271e+00 7.062283111736178398e-04 5.027222869102843106e-05 9.992434382438659668e-01 1.515716894531250000e+04
5.939999999999999503e+00 1.051578907253619519e+02 2.029511482161781455e+00 6.796632660552859306e-04 5.085078737465664744e-05 9.992695450782775879e-01 1.505380175781250000e+04
6.000000000000000000e+00 1.075003950041813283e+02 2.009039576264377569e+00 6.199720664881169796e-04 6.513199332403019071e-05 9.993149638175964355e-01 1.495383789062500000e+04
6.059999999999999609e+00 1.098670261716341940e+02 1.989540522765915087e+00 6.945405039004981518e-04 9.092674008570611477e-05 9.992145299911499023e-01 1.486977246093750000e+04
6.120000000000000107e+00 1.122563536766032826e+02 1.969237064580894980e+00 5.907271406613290310e-04 5.733702346333302557e-05 9.993519783020019531e-01 1.476212402343750000e+04
6.179999999999999716e+00 1.146685007162772507e+02 1.949442898727137718e+00 5.205851630307734013e-04 6.483281322289258242e-05 9.994145035743713379e-01 1.466222558593750000e+04
6.240000000000000213e+00 1.171028361795134458e+02 1.929542123877410420e+00 5.840982194058597088e-04 7.325140904868021607e-05 9.993426799774169922e-01 1.457842968750000000e+04
6.299999999999999822e+00 1.195595523027171367e+02 1.910191891964322375e+00 5.586870247498154640e-04 6.275094347074627876e-05 9.993785619735717773e-01 1.448888085937500000e+04
6.359999999999999432e+00 1.220377427936985839e+02 1.890533735989880837e+00 5.411403835751116276e-04 5.887237421120516956e-05 9.994000196456909180e-01 1.439616113281250000e+04
6.419999999999999929e+00 1.245368768067498735e+02 1.870876221245014959e+00 5.820371443405747414e-04 6.715492781950160861e-05 9.993506669998168945e-01 1.431539453125000000e+04
6.479999999999999538e+00 1.270548236403944884e+02 1.850054029219576623e+00 5.471368785947561264e-04 5.617550777969881892e-05 9.993966817855834961e-01 1.421158984375000000e+04
6.540000000000000036e+00 1.295916411119269185e+02 1.829719791446845711e+00 5.084665608592331409e-04 6.051895979908294976e-05 9.994310736656188965e-01 1.411015625000000000e+04
6.599999999999999645e+00 1.321463780414688927e+02 1.809142788818482339e+00 4.954843316227197647e-04 5.250489994068630040e-05 9.994519948959350586e-01 1.401071093750000000e+04
6.660000000000000142e+00 1.347187614435667058e+02 1.788817747126575819e+00 4.223921569064259529e-04 7.463366637239232659e-05 9.995029568672180176e-01 1.391381152343750000e+04
6.719999999999999751e+00 1.373085195525409290e+02 1.768741932621475277e+00 5.275436560623347759e-04 6.271844176808372140e-05 9.994097352027893066e-01 1.382491406250000000e+04
6.779999999999999361e+00 1.399151198149997697e+02 1.748736788519757335e+00 4.610781033989042044e-04 3.694892075145617127e-05 9.995020031929016113e-01 1.372405273437500000e+04
6.839999999999999858e+00 1.425380172358553068e+02 1.728799745266361043e+00 4.397551238071173429e-04 3.393206134205684066e-05 9.995262026786804199e-01 1.363263378906250000e+04
6.899999999999999467e+00 1.451773245222385071e+02 1.709362369885054855e+00 4.551179299596697092e-04 5.467633673106320202e-05 9.994902610778808594e-01 1.354915429687500000e+04
6.959999999999999964e+00 1.478317279773951896e+02 1.689499894015965786e+00 4.377392469905316830e-04 6.226872210390865803e-05 9.994999170303344727e-01 1.346594433593750000e+04
7.019999999999999574e+00 1.505000990662863671e+02 1.669358548887063032e+00 4.296232073102146387e-04 5.122190850670449436e-05 9.995191693305969238e-01 1.337089550781250000e+04
7.080000000000000071e+00 1.531801421739711770e+02 1.648243384358886843e+00 3.981014597229659557e-04 5.218484875513240695e-05 9.995498061180114746e-01 1.327060644531250000e+04
7.139999999999999680e+00 1.558712605869378649e+02 1.627239380624456055e+00 3.756267251446843147e-04 4.996214920538477600e-05 9.995743632316589355e-01 1.316636621093750000e+04
7.199999999999999289e+00 1.585728558839908828e+02 1.606348836108178801e+00 3.978466556873172522e-04 5.941616473137401044e-05 9.995428323745727539e-01 1.307362988281250000e+04
7.259999999999999787e+00 1.612844138083507062e+02 1.585624020403510803e+00 4.195291840005666018e-04 6.001842484693042934e-05 9.995203614234924316e-01 1.297924414062500000e+04
7.319999999999999396e+00 1.640051671220800813e+02 1.564919764434744565e+00 3.608411061577498913e-04 4.778237052960321307e-05 9.995914101600646973e-01 1.287911132812500000e+04
7.379999999999999893e+00 1.667349904323969554e+02 1.544606524771878764e+00 3.958254819735884666e-04 6.089766975492238998e-05 9.995433092117309570e-01 1.279510156250000000e+04
7.439999999999999503e+00 1.694734172976682203e+02 1.524483664302036301e+00 3.573527792468667030e-04 5.826880442327819765e-05 9.995843172073364258e-01 1.270464160156250000e+04
7.500000000000000000e+00 1.722190435138982139e+02 1.504036207909498657e+00 3.254987532272934914e-04 5.938947288086637855e-05 9.996151924133300781e-01 1.261647656250000000e+04
7.559999999999999609e+00 1.749691140992029261e+02 1.482559075499205070e+00 3.542306949384510517e-04 4.993137190467678010e-05 9.995958209037780762e-01 1.252474902343750000e+04
7.620000000000000107e+00 1.777216981511108713e+02 1.460545842791340698e+00 3.627474943641573191e-04 5.415839041233994067e-05 9.995831251144409180e-01 1.242653222656250000e+04
7.679999999999999716e+00 1.804755924844053823e+02 1.438409666008849674e+00 3.492632822599261999e-04 5.228588997852057219e-05 9.995985031127929688e-01 1.232139160156250000e+04
7.739999999999999325e+00 1.832307202533153259e+02 1.416743449141550704e+00 3.409186028875410557e-04 5.353154119802638888e-05 9.996055364608764648e-01 1.222021386718750000e+04
7.799999999999999822e+00 1.859869816803156652e+02 1.395521811356942976e+00 3.829596971627324820e-04 5.881435208721086383e-05 9.995582699775695801e-01 1.212847558593750000e+04
7.859999999999999432e+00 1.887428566828668295e+02 1.374023888398037352e+00 3.345122095197439194e-04 5.766921094618737698e-05 9.996077418327331543e-01 1.203332910156250000e+04
7.919999999999999929e+00 1.914981705893113144e+02 1.352930233271895766e+00 3.492948599159717560e-04 5.745023008785210550e-05 9.995932579040527344e-01 1.194533789062500000e+04
7.979999999999999538e+00 1.942518624400977671e+02 1.331801309606003070e+00 3.652511804830282927e-04 5.171258089831098914e-05 9.995830059051513672e-01 1.185932421875000000e+04
8.039999999999999147e+00 1.970018286127356646e+02 1.310149048538610028e+00 3.613792650867253542e-04 7.674926746403798461e-05 9.995618462562561035e-01 1.177539941406250000e+04
8.099999999999999645e+00 1.997472762540308224e+02 1.288618947031914486e+00 3.608113620430231094e-04 7.791758253006264567e-05 9.995613098144531250e-01 1.168209667968750000e+04
8.160000000000000142e+00 2.024882785504318861e+02 1.267613203191005455e+00 3.704081173054873943e-04 7.514483877457678318e-05 9.995544552803039551e-01 1.159613281250000000e+04
8.219999999999998863e+00 2.052242802607480598e+02 1.246829403846723139e+00 3.839358396362513304e-04 8.376304322155192494e-05 9.995323419570922852e-01 1.151473632812500000e+04
8.279999999999999361e+00 2.079542975151539679e+02 1.226072065198037686e+00 3.866349579766392708e-04 7.754295802442356944e-05 9.995358586311340332e-01 1.144045214843750000e+04
8.339999999999999858e+00 2.106770483310232294e+02 1.205214587575369922e+00 3.994108410552144051e-04 9.164216317003592849e-05 9.995089173316955566e-01 1.137305273437500000e+04
8.400000000000000355e+00 2.133910079906745523e+02 1.184161751693649345e+00 3.951068792957812548e-04 9.193901496473699808e-05 9.995129704475402832e-01 1.129557519531250000e+04
8.459999999999999076e+00 2.160938547760003701e+02 1.162585393367426168e+00 4.185161669738590717e-04 1.043123556883074343e-04 9.994772076606750488e-01 1.121487011718750000e+04
8.519999999999999574e+00 2.187856162538962792e+02 1.141510216019330226e+00 4.454286536201834679e-04 1.011993736028671265e-04 9.994533061981201172e-01 1.113386914062500000e+04
8.580000000000000071e+00 2.214647762451001256e+02 1.120276057691926175e+00 4.176080401521176100e-04 1.045227472786791623e-04 9.994778633117675781e-01 1.105605566406250000e+04
8.640000000000000568e+00 2.241313579253205717e+02 1.099530416255377618e+00 4.516440967563539743e-04 1.119294101954437792e-04 9.994363784790039062e-01 1.098892578125000000e+04
8.699999999999999289e+00 2.267840031980246351e+02 1.078697485227724018e+00 4.474509914871305227e-04 1.109597214963287115e-04 9.994415640830993652e-01 1.092696289062500000e+04
8.759999999999999787e+00 2.294203971758398950e+02 1.057402982456464802e+00 4.693031078204512596e-04 1.183953718282282352e-04 9.994122982025146484e-01 1.085987304687500000e+04
8.820000000000000284e+00 2.320382503426961307e+02 1.035681608814629895e+00 4.587203438859432936e-04 1.208123503602109849e-04 9.994205236434936523e-01 1.078074023437500000e+04
8.879999999999999005e+00 2.346370262419244170e+02 1.014240719837429028e+00 4.890147829428315163e-04 1.240231213159859180e-04 9.993869066238403320e-01 1.071286230468750000e+04
8.939999999999999503e+00 2.372156358591680316e+02 9.928621753667704608e-01 5.169131327420473099e-04 1.272118679480627179e-04 9.993559122085571289e-01 1.064862695312500000e+04
9.000000000000000000e+00 2.397740774867432378e+02 9.719623097146101731e-01 5.313818692229688168e-04 1.340539020020514727e-04 9.993345141410827637e-01 1.059092089843750000e+04
9.060000000000000497e+00 2.423097432475279334e+02 9.505507852586656536e-01 5.526386667042970657e-04 1.294916728511452675e-04 9.993179440498352051e-01 1.053415234375000000e+04
9.119999999999999218e+00 2.448195285723682844e+02 9.284695160675345837e-01 5.515254451893270016e-04 1.293071982217952609e-04 9.993190765380859375e-01 1.047271093750000000e+04
9.179999999999999716e+00 2.473026071862584558e+02 9.065821047771397412e-01 5.730182747356593609e-04 1.418348110746592283e-04 9.992851614952087402e-01 1.042425292968750000e+04
9.240000000000000213e+00 2.497579337427561370e+02 8.848076763096436315e-01 5.705956718884408474e-04 1.434379373677074909e-04 9.992859959602355957e-01 1.038228515625000000e+04
9.299999999999998934e+00 2.521832050643207594e+02 8.626999322146103877e-01 5.810564616695046425e-04 1.315851695835590363e-04 9.992873072624206543e-01 1.035653906250000000e+04
9.359999999999999432e+00 2.545748923443507863e+02 8.398467125784424558e-01 5.844489787705242634e-04 1.305090554524213076e-04 9.992851018905639648e-01 1.033190917968750000e+04
9.419999999999999929e+00 2.569287007580816748e+02 8.160163598156896514e-01 5.798604688607156277e-04 1.340947201242670417e-04 9.992861151695251465e-01 1.031245214843750000e+04
9.480000000000000426e+00 2.592433053868369939e+02 7.922680791412660684e-01 5.985805182717740536e-04 1.417217135895043612e-04 9.992595911026000977e-01 1.031365429687500000e+04
9.539999999999999147e+00 2.615176338051886091e+02 7.686898040027809742e-01 6.016655243001878262e-04 1.387808733852580190e-04 9.992595314979553223e-01 1.031916015625000000e+04
9.599999999999999645e+00 2.637491949903774753e+02 7.448072882600295097e-01 6.456857663579285145e-04 1.440044434275478125e-04 9.992102980613708496e-01 1.033594042968750000e+04
9.660000000000000142e+00 2.659366581688113911e+02 7.210197967516956963e-01 6.760825053788721561e-04 1.444372319383546710e-04 9.991795420646667480e-01 1.035967187500000000e+04
9.719999999999998863e+00 2.680775715944589024e+02 6.969643767115480948e-01 6.901888991706073284e-04 1.443114160792902112e-04 9.991655349731445312e-01 1.041268359375000000e+04
9.779999999999999361e+00 2.701699431321864040e+02 6.728040836933714131e-01 7.367692887783050537e-04 1.563184050610288978e-04 9.991068840026855469e-01 1.049090332031250000e+04
9.839999999999999858e+00 2.722101644461180854e+02 6.480348003490024045e-01 7.750020013190805912e-04 1.646763412281870842e-04 9.990603327751159668e-01 1.057962304687500000e+04
9.900000000000000355e+00 2.741965460270857307e+02 6.232861172645761672e-01 8.108407491818070412e-04 1.705799659248441458e-04 9.990186095237731934e-01 1.068760156250000000e+04
9.959999999999999076e+00 2.761271775868007694e+02 5.984942743516642460e-01 8.462248370051383972e-04 1.834084396250545979e-04 9.989703893661499023e-01 1.081800390625000000e+04
1.001999999999999957e+01 2.779986027732459775e+02 5.731926398974602765e-01 9.467733325436711311e-04 1.943063834914937615e-04 9.988589882850646973e-01 1.097237597656250000e+04
1.008000000000000007e+01 2.798092030681082747e+02 5.479609252544778153e-01 1.041895942762494087e-03 2.003072295337915421e-04 9.987577795982360840e-01 1.115499121093750000e+04
1.013999999999999879e+01 2.815560128345089197e+02 5.223991270619819938e-01 1.172399148344993591e-03 2.441970573272556067e-04 9.985834360122680664e-01 1.138251757812500000e+04
1.019999999999999929e+01 2.832358424850361303e+02 4.964579780558095456e-01 1.413694233633577824e-03 2.779649803414940834e-04 9.983083605766296387e-01 1.165621289062500000e+04
1.025999999999999979e+01 2.848427925820375890e+02 4.693645603431066404e-01 1.726121990941464901e-03 3.368571633473038673e-04 9.979370832443237305e-01 1.196392187500000000e+04
1.032000000000000028e+01 2.863725811083771760e+02 4.416312903574930449e-01 2.079193945974111557e-03 3.781582054216414690e-04 9.975426793098449707e-01 1.229565234375000000e+04
1.037999999999999901e+01 2.878252667351912919e+02 4.145244394934642362e-01 2.511951606720685959e-03 4.463669611141085625e-04 9.970417022705078125e-01 1.264925390625000000e+04
1.043999999999999950e+01 2.891997677667681614e+02 3.877062712171098213e-01 3.210324561223387718e-03 5.543148727156221867e-04 9.962354302406311035e-01 1.306447753906250000e+04
1.050000000000000000e+01 2.904955993428851002e+02 3.613386548840221701e-01 4.239544738084077835e-03 7.228782051242887974e-04 9.950375556945800781e-01 1.354798046875000000e+04
1.055999999999999872e+01 2.917110918366924466e+02 3.350848408093384245e-01 5.839642137289047241e-03 9.212847799062728882e-04 9.932391643524169922e-01 1.408121972656250000e+04
1.061999999999999922e+01 2.928470624968673519e+02 3.096238807169848783e-01 7.766915950924158096e-03 1.181366504170000553e-03 9.910517334938049316e-01 1.463511914062500000e+04
1.067999999999999972e+01 2.939073493427570725e+02 2.857481492969634607e-01 9.966984391212463379e-03 1.436570659279823303e-03 9.885964989662170410e-01 1.521101855468750000e+04
1.074000000000000021e+01 2.948978948090525591e+02 2.639701104045762969e-01 1.236254442483186722e-02 1.660296227782964706e-03 9.859771728515625000e-01 1.578580371093750000e+04
1.079999999999999893e+01 2.958219835645602984e+02 2.435238902293037910e-01 1.566793769598007202e-02 2.030107891187071800e-03 9.823020100593566895e-01 1.634912402343750000e+04
1.085999999999999943e+01 2.966824458512288629e+02 2.242509199141975995e-01 1.908911764621734619e-02 2.245977055281400681e-03 9.786649942398071289e-01 1.683179687500000000e+04
1.091999999999999993e+01 2.974838462468750322e+02 2.065632753841662728e-01 2.229430899024009705e-02 2.382548060268163681e-03 9.753230810165405273e-01 1.722857421875000000e+04
1.098000000000000043e+01 2.982310332927365266e+02 1.904848436978801574e-01 2.538811415433883667e-02 2.472888678312301636e-03 9.721390604972839355e-01 1.756195898437500000e+04
1.103999999999999915e+01 2.989285401574458660e+02 1.758867768517948238e-01 2.885169535875320435e-02 2.626235596835613251e-03 9.685221910476684570e-01 1.792574023437500000e+04
1.109999999999999964e+01 2.995795520982166522e+02 1.623876760047714696e-01 3.154122829437255859e-02 2.653164556249976158e-03 9.658056497573852539e-01 1.830499609375000000e+04
1.116000000000000014e+01 3.001883358850080299e+02 1.502215069611224918e-01 3.379886224865913391e-02 2.675866009667515755e-03 9.635254144668579102e-01 1.864876953125000000e+04
1.121999999999999886e+01 3.007592715438087225e+02 1.393754786758899245e-01 3.717144951224327087e-02 2.822632435709238052e-03 9.600059390068054199e-01 1.900551953125000000e+04
1.127999999999999936e+01 3.012944046358599053e+02 1.292457142121600233e-01 4.132250696420669556e-02 3.091071266680955887e-03 9.555866718292236328e-01 1.937514453125000000e+04
1.133999999999999986e+01 3.017957072005161194e+02 1.197937375594370635e-01 4.599171504378318787e-02 3.186809597536921501e-03 9.508216381072998047e-01 1.973516601562500000e+04
1.140000000000000036e+01 3.022647439335562467e+02 1.109035213979428919e-01 5.014602467417716980e-02 3.403324866667389870e-03 9.464508891105651855e-01 2.008207226562500000e+04
1.145999999999999908e+01 3.027032204146728986e+02 1.025919448138896961e-01 5.290222913026809692e-02 3.461470594629645348e-03 9.436362981796264648e-01 2.037248828125000000e+04
1.151999999999999957e+01 3.031138584783876695e+02 9.507768005943351142e-02 5.428691208362579346e-02 3.420568536967039108e-03 9.422927498817443848e-01 2.060650585937500000e+04
1.158000000000000007e+01 3.034994364042705683e+02 8.835021989206370829e-02 5.523459613323211670e-02 3.360125934705138206e-03 9.414054751396179199e-01 2.079723046875000000e+04
1.163999999999999879e+01 3.038622496852851214e+02 8.227695060877797395e-02 5.552840605378150940e-02 3.284473903477191925e-03 9.411873221397399902e-01 2.092981640625000000e+04
1.169999999999999929e+01 3.042046881334305795e+02 7.685998024808020357e-02 5.570930242538452148e-02 3.090973477810621262e-03 9.411997795104980469e-01 2.100710546875000000e+04
1.175999999999999979e+01 3.045288233521261532e+02 7.200947878691300874e-02 5.729974061250686646e-02 2.996820257976651192e-03 9.397035837173461914e-01 2.108815429687500000e+04
1.182000000000000028e+01 3.048357807049980011e+02 6.750095394957136841e-02 5.917031317949295044e-02 2.942927647382020950e-03 9.378870129585266113e-01 2.115375195312500000e+04
1.187999999999999901e+01 3.051266803716321760e+02 6.332366053352606050e-02 6.126949191093444824e-02 3.033261047676205635e-03 9.356974363327026367e-01 2.122942968750000000e+04
1.193999999999999950e+01 3.054030698794865089e+02 5.956038935337406443e-02 6.377678364515304565e-02 3.038399154320359230e-03 9.331850409507751465e-01 2.130177343750000000e+04
1.200000000000000000e+01 3.056652288007950347e+02 5.592884469118163115e-02 6.559601426124572754e-02 3.021460724994540215e-03 9.313827753067016602e-01 2.135583203125000000e+04
1.205999999999999872e+01 3.059140756102416958e+02 5.256060299221633481e-02 6.686651706695556641e-02 2.945511834695935249e-03 9.301881194114685059e-01 2.140533984375000000e+04
1.211999999999999922e+01 3.061502230308739740e+02 4.938443963740375003e-02 6.757263839244842529e-02 2.889896975830197334e-03 9.295377135276794434e-01 2.144647460937500000e+04
1.217999999999999972e+01 3.063745326501591535e+02 4.644670146230701208e-02 6.855796277523040771e-02 2.652720548212528229e-03 9.287895560264587402e-01 2.149166601562500000e+04
1.224000000000000021e+01 3.065874417266338128e+02 4.365383386961993462e-02 6.897316873073577881e-02 2.667865483090281487e-03 9.283591508865356445e-01 2.155591406250000000e+04
1.229999999999999893e+01 3.067893849725561495e+02 4.100150127532656286e-02 7.059516012668609619e-02 2.638021018356084824e-03 9.267669320106506348e-01 2.166150000000000000e+04
1.235999999999999943e+01 3.069811444156248967e+02 3.855583974951194703e-02 7.236428558826446533e-02 2.565947361290454865e-03 9.250699877738952637e-01 2.178211914062500000e+04
1.241999999999999993e+01 3.071633542621594870e+02 3.628179773691163346e-02 7.238011807203292847e-02 2.519004279747605324e-03 9.251009821891784668e-01 2.186891210937500000e+04
1.248000000000000043e+01 3.073363990002176251e+02 3.412551949706207899e-02 7.205945998430252075e-02 2.398933982476592064e-03 9.255418181419372559e-01 2.194334765625000000e+04
1.253999999999999915e+01 3.075007767703129957e+02 3.210613664653352850e-02 7.150299847126007080e-02 2.308845054358243942e-03 9.261882901191711426e-01 2.202511523437500000e+04
1.259999999999999964e+01 3.076572036103630694e+02 3.026218691424117230e-02 7.055196166038513184e-02 2.123432932421565056e-03 9.273246526718139648e-01 2.209395703125000000e+04
1.266000000000000014e+01 3.078061405645002537e+02 2.854009189370302485e-02 6.941795349121093750e-02 1.944238087162375450e-03 9.286376833915710449e-01 2.215874023437500000e+04
1.271999999999999886e+01 3.079481776984673047e+02 2.696114078944069833e-02 6.759525835514068604e-02 2.011830219998955727e-03 9.303928017616271973e-01 2.221949023437500000e+04
1.277999999999999936e+01 3.080837006438600270e+02 2.548308940236409040e-02 6.577837467193603516e-02 1.744992914609611034e-03 9.324765205383300781e-01 2.223586523437500000e+04
1.283999999999999986e+01 3.082132672643837736e+02 2.413539966424123676e-02 6.491852551698684692e-02 1.756521407514810562e-03 9.333249330520629883e-01 2.229271679687500000e+04
1.290000000000000036e+01 3.083373280607481774e+02 2.289481303235822718e-02 6.386609375476837158e-02 1.647441415116190910e-03 9.344863891601562500e-01 2.231874218750000000e+04
1.295999999999999908e+01 3.084561564072098463e+02 2.172614340312791631e-02 6.235301867127418518e-02 1.663810573518276215e-03 9.359832406044006348e-01 2.232442773437500000e+04
1.301999999999999957e+01 3.085705169268152872e+02 2.071655144013938299e-02 6.185098737478256226e-02 1.353587605990469456e-03 9.367954134941101074e-01 2.232218164062500000e+04
1.308000000000000007e+01 3.086802902036756109e+02 1.970313156229852938e-02 6.123639643192291260e-02 1.485437038354575634e-03 9.372781515121459961e-01 2.234866406250000000e+04
1.313999999999999879e+01 3.087857804799569976e+02 1.876146317886672951e-02 6.022532656788825989e-02 1.425220980308949947e-03 9.383494257926940918e-01 2.234038085937500000e+04
1.319999999999999929e+01 3.088873255644852520e+02 1.789563121294514281e-02 6.063477322459220886e-02 1.421118970029056072e-03 9.379441142082214355e-01 2.237770507812500000e+04
1.325999999999999979e+01 3.089851296169579200e+02 1.708035269526510941e-02 5.982960015535354614e-02 1.436477992683649063e-03 9.387339353561401367e-01 2.238141210937500000e+04
1.332000000000000028e+01 3.090794169080988354e+02 1.631784772976393669e-02 5.873599648475646973e-02 1.233847462572157383e-03 9.400300383567810059e-01 2.235304882812500000e+04
1.337999999999999901e+01 3.091701997804974553e+02 1.557044677942784686e-02 5.821972340345382690e-02 1.369009260088205338e-03 9.404111504554748535e-01 2.237025195312500000e+04
1.343999999999999950e+01 3.092578589409117740e+02 1.490045202601435713e-02 5.692019686102867126e-02 1.501193037256598473e-03 9.415784478187561035e-01 2.236141015625000000e+04
1.350000000000000000e+01 3.093425014778879927e+02 1.425979162852383277e-02 5.566010996699333191e-02 1.239249715581536293e-03 9.431005716323852539e-01 2.232288867187500000e+04
1.355999999999999872e+01 3.094241580153808968e+02 1.363499781136770159e-02 5.477138981223106384e-02 1.284566242247819901e-03 9.439440965652465820e-01 2.231489843750000000e+04
1.361999999999999922e+01 3.095032094659850372e+02 1.308370193744816563e-02 5.391637980937957764e-02 1.306793768890202045e-03 9.447768926620483398e-01 2.230309960937500000e+04
1.367999999999999972e+01 3.095796130232516816e+02 1.253452827480332384e-02 5.316123366355895996e-02 1.214794465340673923e-03 9.456239938735961914e-01 2.228348437500000000e+04
1.374000000000000021e+01 3.096535598867779413e+02 1.202553958697529825e-02 5.212233588099479675e-02 1.220765174366533756e-03 9.466569423675537109e-01 2.226240820312500000e+04
1.379999999999999893e+01 3.097252612375862668e+02 1.155897134124573081e-02 5.078229680657386780e-02 9.486804483458399773e-04 9.482690095901489258e-01 2.221539648437500000e+04
1.385999999999999943e+01 3.097944898317535376e+02 1.106371266122862206e-02 4.984240233898162842e-02 1.115717575885355473e-03 9.490419626235961914e-01 2.220852343750000000e+04
1.391999999999999993e+01 3.098618718098426257e+02 1.067576502593131291e-02 4.844965413212776184e-02 1.033079810440540314e-03 9.505172371864318848e-01 2.217168750000000000e+04
1.397999999999999865e+01 3.099271349868766947e+02 1.025131417970052278e-02 4.723730683326721191e-02 1.032526372000575066e-03 9.517301321029663086e-01 2.213508007812500000e+04
1.403999999999999915e+01 3.099904429688747882e+02 9.859206270767114158e-03 4.598005861043930054e-02 9.991441620513796806e-04 9.530208110809326172e-01 2.209919140625000000e+04
1.409999999999999964e+01 3.100518540534174008e+02 9.482401307386364303e-03 4.567275941371917725e-02 8.540252456441521645e-04 9.534732103347778320e-01 2.207217968750000000e+04
1.416000000000000014e+01 3.101116596483595913e+02 9.156241857896979877e-03 4.435196891427040100e-02 8.663220214657485485e-04 9.547817111015319824e-01 2.202896093750000000e+04
1.421999999999999886e+01 3.101695583856280791e+02 8.789497991321204226e-03 4.361932724714279175e-02 7.411365513689815998e-04 9.556394815444946289e-01 2.199145117187500000e+04
1.427999999999999936e+01 3.102260465417691080e+02 8.503298907863035896e-03 4.262309148907661438e-02 6.864927127026021481e-04 9.566903710365295410e-01 2.194667187500000000e+04
1.433999999999999986e+01 3.102809045269422654e+02 8.188801919943920413e-03 4.232529550790786743e-02 7.995999767445027828e-04 9.568750858306884766e-01 2.193351757812500000e+04
1.439999999999999858e+01 3.103344457926084488e+02 7.925649877908256397e-03 4.070458933711051941e-02 6.530365790240466595e-04 9.586423635482788086e-01 2.186625000000000000e+04
1.445999999999999908e+01 3.103864210398031105e+02 7.629985149036221451e-03 3.954261913895606995e-02 6.910594529472291470e-04 9.597662687301635742e-01 2.181566210937500000e+04
1.451999999999999957e+01 3.104370590943441925e+02 7.372249721940926301e-03 3.993643075227737427e-02 6.465374608524143696e-04 9.594170451164245605e-01 2.179601757812500000e+04
1.458000000000000007e+01 3.104864075960355763e+02 7.125375992915660046e-03 3.858643025159835815e-02 6.956379511393606663e-04 9.607179164886474609e-01 2.174566992187500000e+04
1.463999999999999879e+01 3.105345623924424672e+02 6.896026565103081062e-03 3.808302059769630432e-02 4.488517297431826591e-04 9.614681601524353027e-01 2.168560156250000000e+04
1.469999999999999929e+01 3.105814957870682633e+02 6.666249301551449569e-03 3.746831044554710388e-02 6.095286225900053978e-04 9.619221687316894531e-01 2.165846289062500000e+04
1.475999999999999979e+01 3.106272685894658139e+02 6.448546344536699830e-03 3.704147040843963623e-02 4.097113851457834244e-04 9.625487923622131348e-01 2.160152734375000000e+04
1.482000000000000028e+01 3.106719651393937056e+02 6.245935213755397265e-03 3.721072152256965637e-02 5.546949105337262154e-04 9.622344970703125000e-01 2.158577929687500000e+04
1.487999999999999901e+01 3.107155333982374259e+02 6.039168166087128566e-03 3.509250655770301819e-02 5.544685991480946541e-04 9.643530845642089844e-01 2.150386914062500000e+04
1.493999999999999950e+01 3.107581079795093615e+02 5.854029806244610314e-03 3.541319817304611206e-02 4.404890933074057102e-04 9.641461968421936035e-01 2.147030273437500000e+04
1.500000000000000000e+01 3.107996651204843488e+02 5.668418366222655221e-03 3.505335003137588501e-02 4.283274174667894840e-04 9.645182490348815918e-01 2.142952539062500000e+04
1.505999999999999872e+01 3.108402950958845281e+02 5.497793689839961147e-03 3.455942496657371521e-02 3.285763377789407969e-04 9.651120901107788086e-01 2.137335546875000000e+04
1.511999999999999922e+01 3.108799192607718851e+02 5.319140813045450389e-03 3.445365279912948608e-02 4.652660863939672709e-04 9.650810360908508301e-01 2.135232812500000000e+04
1.517999999999999972e+01 3.109187786539529270e+02 5.175241231251921821e-03 3.370558843016624451e-02 4.008054092992097139e-04 9.658937454223632812e-01 2.128886914062500000e+04
1.524000000000000021e+01 3.109567455574510291e+02 5.016566852375204354e-03 3.362211212515830994e-02 4.604590940289199352e-04 9.659173488616943359e-01 2.124793554687500000e+04
1.529999999999999893e+01 3.109938249418458440e+02 4.860873279346212758e-03 3.249671310186386108e-02 4.629080940503627062e-04 9.670403599739074707e-01 2.118835937500000000e+04
1.535999999999999943e+01 3.110301263047376210e+02 4.721701013734535234e-03 3.233828768134117126e-02 3.152195422444492579e-04 9.673464298248291016e-01 2.113699609375000000e+04
1.541999999999999993e+01 3.110656324358755569e+02 4.582325969553555436e-03 3.173375874757766724e-02 4.744670295622199774e-04 9.677917361259460449e-01 2.108866992187500000e+04
1.547999999999999865e+01 3.111005029998834743e+02 4.465415500063550820e-03 3.070460818707942963e-02 4.010765405837446451e-04 9.688943028450012207e-01 2.101951367187500000e+04
1.553999999999999915e+01 3.111344985398494600e+02 4.319746122267634561e-03 2.989269793033599854e-02 2.524500305298715830e-04 9.698548316955566406e-01 2.095566992187500000e+04
1.559999999999999964e+01 3.111677318429522074e+02 4.190406579582585736e-03 2.841525338590145111e-02 2.678046585060656071e-04 9.713168740272521973e-01 2.087451367187500000e+04
1.566000000000000014e+01 3.112004746786831220e+02 4.096926917778732219e-03 2.976937592029571533e-02 4.174319619778543711e-04 9.698132276535034180e-01 2.088840039062500000e+04
1.571999999999999886e+01 3.112323635257583874e+02 3.959613702069893389e-03 2.852088585495948792e-02 3.089985984843224287e-04 9.711700677871704102e-01 2.081264843750000000e+04
1.577999999999999936e+01 3.112637575333338305e+02 3.868526126745850530e-03 2.919235639274120331e-02 2.834946499206125736e-04 9.705241322517395020e-01 2.079247851562500000e+04
1.583999999999999986e+01 3.112944176599830826e+02 3.749471876039309984e-03 2.786669135093688965e-02 2.695460570976138115e-04 9.718638062477111816e-01 2.072025781250000000e+04
1.589999999999999858e+01 3.113244693671006189e+02 3.647331133487688101e-03 2.672375366091728210e-02 3.596195601858198643e-04 9.729166030883789062e-01 2.065428320312500000e+04
1.595999999999999908e+01 3.113540096648488884e+02 3.558305405938125884e-03 2.676831558346748352e-02 3.012844827026128769e-04 9.729304313659667969e-01 2.062088085937500000e+04
1.601999999999999957e+01 3.113830188634049705e+02 3.468156690517308280e-03 2.698547765612602234e-02 3.725432907231152058e-04 9.726419448852539062e-01 2.060047265625000000e+04
1.607999999999999829e+01 3.114111744182727648e+02 3.340980403336755392e-03 2.671264484524726868e-02 2.370765869272872806e-04 9.730502367019653320e-01 2.054109960937500000e+04
1.614000000000000057e+01 3.114391204197543175e+02 3.291459471690261988e-03 2.630103565752506256e-02 3.070984676014631987e-04 9.733918309211730957e-01 2.051536914062500000e+04
1.619999999999999929e+01 3.114664650058759321e+02 3.196768839982216167e-03 2.518867328763008118e-02 2.789802383631467819e-04 9.745323061943054199e-01 2.043247851562500000e+04
1.625999999999999801e+01 3.114931734054509889e+02 3.099350893179469903e-03 2.559894882142543793e-02 3.689329605549573898e-04 9.740321040153503418e-01 2.042482031250000000e+04
1.632000000000000028e+01 3.115195388559956200e+02 3.037057081634410727e-03 2.515120804309844971e-02 2.290613920195028186e-04 9.746198058128356934e-01 2.036116406250000000e+04
1.637999999999999901e+01 3.115453585452816583e+02 2.952401568074727346e-03 2.489787898957729340e-02 1.969710865523666143e-04 9.749051332473754883e-01 2.031922460937500000e+04
1.643999999999999773e+01 3.115706689807680618e+02 2.873044737900997628e-03 2.542385645210742950e-02 2.762844960670918226e-04 9.742998480796813965e-01 2.029960937500000000e+04
1.650000000000000000e+01 3.115955081565135174e+02 2.799045244989383386e-03 2.458030357956886292e-02 2.431363536743447185e-04 9.751765727996826172e-01 2.024888671875000000e+04
1.655999999999999872e+01 3.116201048754651310e+02 2.751638718818294211e-03 2.510584332048892975e-02 1.938418863574042916e-04 9.747002720832824707e-01 2.021157421875000000e+04
1.662000000000000099e+01 3.116439717349334728e+02 2.650711410066835996e-03 2.448039688169956207e-02 3.862213925458490849e-04 9.751333594322204590e-01 2.018375585937500000e+04
1.667999999999999972e+01 3.116677797860408532e+02 2.625157215160455783e-03 2.287820540368556976e-02 2.403157122898846865e-04 9.768815040588378906e-01 2.009061132812500000e+04
1.673999999999999844e+01 3.116909759222011758e+02 2.539350794970613324e-03 2.243051491677761078e-02 2.329521812498569489e-04 9.773365855216979980e-01 2.006523828125000000e+04
1.680000000000000071e+01 3.117137217863594856e+02 2.472272110720669797e-03 2.323652803897857666e-02 3.493583353701978922e-04 9.764140844345092773e-01 2.003973242187500000e+04
1.685999999999999943e+01 3.117362186793675960e+02 2.427807607723167938e-03 2.287431806325912476e-02 1.695478422334417701e-04 9.769561290740966797e-01 2.000552734375000000e+04
1.691999999999999815e+01 3.117583808777857257e+02 2.374725960427736746e-03 2.249102666974067688e-02 3.155319136567413807e-04 9.771934151649475098e-01 1.996829101562500000e+04
1.698000000000000043e+01 3.117799721227973464e+02 2.297197019595924230e-03 2.263109944760799408e-02 2.649892994668334723e-04 9.771038889884948730e-01 1.993350976562500000e+04
1.703999999999999915e+01 3.118014099888338251e+02 2.264815831811365764e-03 2.192147448658943176e-02 3.558469179552048445e-04 9.777225852012634277e-01 1.988916406250000000e+04
1.709999999999999787e+01 3.118224608567460905e+02 2.208324719401592341e-03 2.224925905466079712e-02 2.566920593380928040e-04 9.774940609931945801e-01 1.985985937500000000e+04
1.716000000000000014e+01 3.118430429597367493e+02 2.144050420043453788e-03 2.247904427349567413e-02 2.007646107813343406e-04 9.773200750350952148e-01 1.983864843750000000e+04
1.721999999999999886e+01 3.118634525371099926e+02 2.111262502964068866e-03 2.232770808041095734e-02 2.180356823373585939e-04 9.774541854858398438e-01 1.981162890625000000e+04
1.728000000000000114e+01 3.118835686520711761e+02 2.066454699816492636e-03 2.192927896976470947e-02 2.370176516706123948e-04 9.778336882591247559e-01 1.976396484375000000e+04
1.733999999999999986e+01 3.119032581033776523e+02 2.008627758135097478e-03 2.184155397117137909e-02 1.937229972099885345e-04 9.779647588729858398e-01 1.974116601562500000e+04
1.739999999999999858e+01 3.119226637399231663e+02 1.966021402724656662e-03 2.203044295310974121e-02 1.474172022426500916e-04 9.778221249580383301e-01 1.970942382812500000e+04
1.746000000000000085e+01 3.119418434418967081e+02 1.929776744616231538e-03 2.075442858040332794e-02 2.817348577082157135e-04 9.789639711380004883e-01 1.966925781250000000e+04
1.751999999999999957e+01 3.119607165860392115e+02 1.885925917867751957e-03 2.161170355975627899e-02 2.189438091591000557e-04 9.781694412231445312e-01 1.964566601562500000e+04
1.757999999999999829e+01 3.119793425200804791e+02 1.848518549971834733e-03 2.101443894207477570e-02 2.218497102148830891e-04 9.787636995315551758e-01 1.962097070312500000e+04
1.764000000000000057e+01 3.119975445120881545e+02 1.794156010295396139e-03 1.990327052772045135e-02 1.571654720464721322e-04 9.799394607543945312e-01 1.956915039062500000e+04
1.769999999999999929e+01 3.120156544626070740e+02 1.772981338408885412e-03 2.201536111533641815e-02 2.457221562508493662e-04 9.777388572692871094e-01 1.959339648437500000e+04
1.775999999999999801e+01 3.120333732830169424e+02 1.722968500521847995e-03 1.994558423757553101e-02 2.152682573068886995e-04 9.798390865325927734e-01 1.953075195312500000e+04
1.782000000000000028e+01 3.120509355187327287e+02 1.696242385198385707e-03 2.107910253107547760e-02 2.714844595175236464e-04 9.786493182182312012e-01 1.952195117187500000e+04
1.787999999999999901e+01 3.120681749507505174e+02 1.653889615630456953e-03 2.103293500840663910e-02 2.396922354819253087e-04 9.787273406982421875e-01 1.952342382812500000e+04
1.793999999999999773e+01 3.120852585699625479e+02 1.627978712498884305e-03 1.987157389521598816e-02 2.046663139481097460e-04 9.799237251281738281e-01 1.946698437500000000e+04
1.800000000000000000e+01 3.121019462466753112e+02 1.579645872334431217e-03 2.011533826589584351e-02 2.095223462674766779e-04 9.796752333641052246e-01 1.944640039062500000e+04
1.805999999999999872e+01 3.121184810780641214e+02 1.554777809026479081e-03 1.970756426453590393e-02 9.611778659746050835e-05 9.801962375640869141e-01 1.941804687500000000e+04
1.812000000000000099e+01 3.121349060097084021e+02 1.534215817745040317e-03 1.982014812529087067e-02 1.354652777081355453e-04 9.800443053245544434e-01 1.941977734375000000e+04
1.817999999999999972e+01 3.121510016175806754e+02 1.493530671561178486e-03 2.014697901904582977e-02 2.567258197814226151e-04 9.795962572097778320e-01 1.940564257812500000e+04
1.823999999999999844e+01 3.121668517916477867e+02 1.461080580661010177e-03 1.922022178769111633e-02 1.403774949721992016e-04 9.806393980979919434e-01 1.938229687500000000e+04
1.830000000000000071e+01 3.121824861943393330e+02 1.431740221917949000e-03 1.936394907534122467e-02 2.033069613389670849e-04 9.804327487945556641e-01 1.936939453125000000e+04
1.835999999999999943e+01 3.121979451592026180e+02 1.406421540641032307e-03 1.962467283010482788e-02 1.028070983011275530e-04 9.802724719047546387e-01 1.936203320312500000e+04
1.841999999999999815e+01 3.122131988008182475e+02 1.378701067080484585e-03 2.061546221375465393e-02 1.250291388714686036e-04 9.792594909667968750e-01 1.937178125000000000e+04
1.848000000000000043e+01 3.122282357686159457e+02 1.350291590620424954e-03 1.842744462192058563e-02 1.902461081044748425e-04 9.813823103904724121e-01 1.932288085937500000e+04
1.853999999999999915e+01 3.122430841231188197e+02 1.324724373640192784e-03 1.840559393167495728e-02 1.284418103750795126e-04 9.814659357070922852e-01 1.929931445312500000e+04
1.859999999999999787e+01 3.122577093513891100e+02 1.296399589966038424e-03 1.916275545954704285e-02 1.521349186077713966e-04 9.806850552558898926e-01 1.929841210937500000e+04
1.866000000000000014e+01 3.122722291673496215e+02 1.278778846376266111e-03 1.932368427515029907e-02 1.751307427184656262e-04 9.805011749267578125e-01 1.929559179687500000e+04
1.871999999999999886e+01 3.122865619280860869e+02 1.254212983782777022e-03 1.849323883652687073e-02 1.774163538357242942e-04 9.813293814659118652e-01 1.927931250000000000e+04
1.877999999999999758e+01 3.123006265767478453e+02 1.222887174411314577e-03 1.693192496895790100e-02 1.355988060822710395e-04 9.829325079917907715e-01 1.918888867187500000e+04
1.883999999999999986e+01 3.123145907284083478e+02 1.206415795101396793e-03 1.855051890015602112e-02 1.820995821617543697e-04 9.812674522399902344e-01 1.923172851562500000e+04
1.889999999999999858e+01 3.123283987070485637e+02 1.185349326702931673e-03 1.628341898322105408e-02 1.150994939962401986e-04 9.836015105247497559e-01 1.917143750000000000e+04
1.896000000000000085e+01 3.123419795494487516e+02 1.158471982672856174e-03 1.716202311217784882e-02 2.106441243086010218e-04 9.826273322105407715e-01 1.914946679687500000e+04
1.901999999999999957e+01 3.123554153578442651e+02 1.138869410389160191e-03 1.791295222938060760e-02 7.097264460753649473e-05 9.820161461830139160e-01 1.917197265625000000e+04
1.907999999999999829e+01 3.123687021355688671e+02 1.119153784663453471e-03 1.615948043763637543e-02 1.435373997082933784e-04 9.836969971656799316e-01 1.910196289062500000e+04
1.914000000000000057e+01 3.123818702492810644e+02 1.102204689205845247e-03 1.575197838246822357e-02 2.172463427996262908e-04 9.840307831764221191e-01 1.908908007812500000e+04
1.919999999999999929e+01 3.123948557799568562e+02 1.080128783104821301e-03 1.636364869773387909e-02 2.447788137942552567e-04 9.833915829658508301e-01 1.908425000000000000e+04
1.925999999999999801e+01 3.124076577555886729e+02 1.058226157712190748e-03 1.667248271405696869e-02 1.986307615879923105e-04 9.831288456916809082e-01 1.907538867187500000e+04
1.932000000000000028e+01 3.124203320980563490e+02 1.041168569847147852e-03 1.689034886658191681e-02 1.003155048238113523e-04 9.830092787742614746e-01 1.906760156250000000e+04
1.937999999999999901e+01 3.124328320204448346e+02 1.020482230573451247e-03 1.616332493722438812e-02 1.271440996788442135e-04 9.837095737457275391e-01 1.902430468750000000e+04
1.943999999999999773e+01 3.124452164235511873e+02 1.004810304249987261e-03 1.674879714846611023e-02 1.283300662180408835e-04 9.831228852272033691e-01 1.904038671875000000e+04
1.950000000000000000e+01 3.124574877793239125e+02 9.895112079183956012e-04 1.654180325567722321e-02 1.295122929150238633e-04 9.833286404609680176e-01 1.902234765625000000e+04
1.955999999999999872e+01 3.124695521194122989e+02 9.668501303841344797e-04 1.598567888140678406e-02 1.317346323048695922e-04 9.838826656341552734e-01 1.899425976562500000e+04
1.962000000000000099e+01 3.124815398843668959e+02 9.548374068223118875e-04 1.740862801671028137e-02 5.303044963511638343e-05 9.825382232666015625e-01 1.900066015625000000e+04
1.967999999999999972e+01 3.124934270008014892e+02 9.410473733366026038e-04 1.654369384050369263e-02 1.336986460955813527e-04 9.833226203918457031e-01 1.899697460937500000e+04
1.973999999999999844e+01 3.125050412804424127e+02 9.138588280683034113e-04 1.554175000637769699e-02 1.368394296150654554e-04 9.843214154243469238e-01 1.892731835937500000e+04
1.980000000000000071e+01 3.125166193480384322e+02 9.054882640306924661e-04 1.621944457292556763e-02 1.372674159938469529e-04 9.836432337760925293e-01 1.893758789062500000e+04
1.985999999999999943e+01 3.125280304685778106e+02 8.870394812386180224e-04 1.626247726380825043e-02 1.949859142769128084e-04 9.835425019264221191e-01 1.894795117187500000e+04
1.991999999999999815e+01 3.125394051864825542e+02 8.788831865995444179e-04 1.656508632004261017e-02 1.956099295057356358e-04 9.832392334938049316e-01 1.890121875000000000e+04
1.998000000000000043e+01 3.125505904296269364e+02 8.590525253000870802e-04 1.639270037412643433e-02 1.420882181264460087e-04 9.834652543067932129e-01 1.890829296875000000e+04
2.003999999999999915e+01 3.125616259445420724e+02 8.424778984743646823e-04 1.672989875078201294e-02 2.016224752878770232e-04 9.830684661865234375e-01 1.888438085937500000e+04
2.009999999999999787e+01 3.125725331354053083e+02 8.277101129880628638e-04 1.643315143883228302e-02 1.457104226574301720e-04 9.834211468696594238e-01 1.887019335937500000e+04
2.016000000000000014e+01 3.125834288375208985e+02 8.219166286790750625e-04 1.610170677304267883e-02 1.458640617784112692e-04 9.837524890899658203e-01 1.884925585937500000e+04
2.021999999999999886e+01 3.125941987008744150e+02 8.076024961314938900e-04 1.576057076454162598e-02 5.902735574636608362e-05 9.841803908348083496e-01 1.883056835937500000e+04
2.027999999999999758e+01 3.126047321243511874e+02 7.851987304514127615e-04 1.647511124610900879e-02 6.035232217982411385e-05 9.834645390510559082e-01 1.881362109375000000e+04
2.033999999999999986e+01 3.126151608044880277e+02 7.728044275376881773e-04 1.651911996304988861e-02 3.047924292332027107e-05 9.834504127502441406e-01 1.879580273437500000e+04
2.039999999999999858e+01 3.126255476940191329e+02 7.651799078579784100e-04 1.637216471135616302e-02 1.224074949277564883e-04 9.835053682327270508e-01 1.878125390625000000e+04
2.046000000000000085e+01 3.126358833149182033e+02 7.569373632865473902e-04 1.501332502812147141e-02 1.230146735906600952e-04 9.848637580871582031e-01 1.874500195312500000e+04
2.051999999999999957e+01 3.126460097998224228e+02 7.372841702154055155e-04 1.619900763034820557e-02 1.255552197108045220e-04 9.836754798889160156e-01 1.873075195312500000e+04
2.057999999999999829e+01 3.126560959730970239e+02 7.300672735097174125e-04 1.507065631449222565e-02 1.260570279555395246e-04 9.848032593727111816e-01 1.870591796875000000e+04
2.064000000000000057e+01 3.126660192436286820e+02 7.140998767981059569e-04 1.557336188852787018e-02 1.601580152055248618e-04 9.842665791511535645e-01 1.868883203125000000e+04
2.069999999999999929e+01 3.126759210213587039e+02 7.084224769604078025e-04 1.515941694378852844e-02 6.420226418413221836e-05 9.847764372825622559e-01 1.867862890625000000e+04
2.075999999999999801e+01 3.126856676705000382e+02 6.932930431985124663e-04 1.683029718697071075e-02 2.282843925058841705e-04 9.829414486885070801e-01 1.868927148437500000e+04
2.082000000000000028e+01 3.126953491627371591e+02 6.846891384349816211e-04 1.435950770974159241e-02 1.313261454924941063e-04 9.855091571807861328e-01 1.862019531250000000e+04
2.087999999999999901e+01 3.127048701546146390e+02 6.694685710011843722e-04 1.516701187938451767e-02 1.001549899228848517e-04 9.847328662872314453e-01 1.862716406250000000e+04
2.093999999999999773e+01 3.127143492996623877e+02 6.627064876597944841e-04 1.506692823022603989e-02 1.341295137535780668e-04 9.847989082336425781e-01 1.859366796875000000e+04
2.100000000000000000e+01 3.127237352072709768e+02 6.524384310400961704e-04 1.619505137205123901e-02 6.773096538381651044e-05 9.837371706962585449e-01 1.860542187500000000e+04
2.105999999999999872e+01 3.127329461011134981e+02 6.366245087403553122e-04 1.612458005547523499e-02 3.450895019341260195e-05 9.838409423828125000e-01 1.859748046875000000e+04
2.111999999999999744e+01 3.127421361406298956e+02 6.315741459175704337e-04 1.595441810786724091e-02 2.075235533993691206e-04 9.838380813598632812e-01 1.857221875000000000e+04
2.117999999999999972e+01 3.127512638363462543e+02 6.237356056022073155e-04 1.526542380452156067e-02 6.964699423406273127e-05 9.846649169921875000e-01 1.854656250000000000e+04
2.123999999999999844e+01 3.127602224723190147e+02 6.087243577019581632e-04 1.332652289420366287e-02 7.096130866557359695e-05 9.866025447845458984e-01 1.849659960937500000e+04
2.130000000000000071e+01 3.127691085908129480e+02 6.003952523418992077e-04 1.493204478174448013e-02 2.146212209481745958e-04 9.848533868789672852e-01 1.849701367187500000e+04
2.135999999999999943e+01 3.127779441410920640e+02 5.936247809820307348e-04 1.476661395281553268e-02 7.194985664682462811e-05 9.851614832878112793e-01 1.846820507812500000e+04
2.141999999999999815e+01 3.127866477661267481e+02 5.814852941293502907e-04 1.429913472384214401e-02 2.191212988691404462e-04 9.854816794395446777e-01 1.846035351562500000e+04
2.148000000000000043e+01 3.127953036303330236e+02 5.750637279260075634e-04 1.474388595670461655e-02 1.101651796489022672e-04 9.851458072662353516e-01 1.843237304687500000e+04
2.153999999999999915e+01 3.128039103586061174e+02 5.686138142959469002e-04 1.471767667680978775e-02 2.585195761639624834e-04 9.850237369537353516e-01 1.840795117187500000e+04
2.159999999999999787e+01 3.128123990899308069e+02 5.577025558822069993e-04 1.518339756876230240e-02 7.488946721423417330e-05 9.847416877746582031e-01 1.840116992187500000e+04
2.166000000000000014e+01 3.128207694945868980e+02 5.468819046247669520e-04 1.505753863602876663e-02 1.898703194456174970e-04 9.847525358200073242e-01 1.840720703125000000e+04
2.171999999999999886e+01 3.128290702491863726e+02 5.393350076440187177e-04 1.415382232517004013e-02 1.531707821413874626e-04 9.856929779052734375e-01 1.836982226562500000e+04
2.177999999999999758e+01 3.128373364498713727e+02 5.341307287394253143e-04 1.520904432982206345e-02 1.153582998085767031e-04 9.846755862236022949e-01 1.837781835937500000e+04
2.183999999999999986e+01 3.128454795477096582e+02 5.232852156148741149e-04 1.473896298557519913e-02 1.561362878419458866e-04 9.851047992706298828e-01 1.831128710937500000e+04
2.189999999999999858e+01 3.128536020961653890e+02 5.191046143867071409e-04 1.497118920087814331e-02 1.173984783235937357e-04 9.849114418029785156e-01 1.832701171875000000e+04
2.196000000000000085e+01 3.128615559031623548e+02 5.055428019487025323e-04 1.401473861187696457e-02 1.198891113745048642e-04 9.858653545379638672e-01 1.828220312500000000e+04
2.201999999999999957e+01 3.128695440201189513e+02 5.049566590330036063e-04 1.339953299611806870e-02 2.785397227853536606e-04 9.863218665122985840e-01 1.824148828125000000e+04
2.207999999999999829e+01 3.128773815092628752e+02 4.927423764331678464e-04 1.317219063639640808e-02 8.111227361951023340e-05 9.867467284202575684e-01 1.822857031250000000e+04
2.214000000000000057e+01 3.128851344585290803e+02 4.847854841984407834e-04 1.470459066331386566e-02 3.689853183459490538e-04 9.849264621734619141e-01 1.823522070312500000e+04
2.219999999999999929e+01 3.128928974923733222e+02 4.827922002822055965e-04 1.464469451457262039e-02 1.228353357873857021e-04 9.852324128150939941e-01 1.822670898437500000e+04
2.225999999999999801e+01 3.129005959444177734e+02 4.761947869845540638e-04 1.538457814604043961e-02 1.238657860085368156e-04 9.844915866851806641e-01 1.820885742187500000e+04
2.232000000000000028e+01 3.129081615401871090e+02 4.654608422216710995e-04 1.264099217951297760e-02 8.402729872614145279e-05 9.872749447822570801e-01 1.813486523437500000e+04
2.237999999999999901e+01 3.129156604252696070e+02 4.588828210204652387e-04 1.418926659971475601e-02 2.543244045227766037e-04 9.855564236640930176e-01 1.814983203125000000e+04
2.243999999999999773e+01 3.129231035457087842e+02 4.530347241240029470e-04 1.472103781998157501e-02 8.540994895156472921e-05 9.851934909820556641e-01 1.813866406250000000e+04
2.250000000000000000e+01 3.129305434961646029e+02 4.504266287540284160e-04 1.285447180271148682e-02 4.272317164577543736e-05 9.871027469635009766e-01 1.809601953125000000e+04
2.255999999999999872e+01 3.129378385931995012e+02 4.393077348259705802e-04 1.432518474757671356e-02 4.357149373390711844e-05 9.856312274932861328e-01 1.809666406250000000e+04
2.261999999999999744e+01 3.129450947079680532e+02 4.346421528206666609e-04 1.505678799003362656e-02 0.000000000000000000e+00 9.849432110786437988e-01 1.810293164062500000e+04
2.267999999999999972e+01 3.129522957365926459e+02 4.290602560944637117e-04 1.504003722220659256e-02 8.828135469229891896e-05 9.848716259002685547e-01 1.806994921875000000e+04
2.273999999999999844e+01 3.129593666629634185e+02 4.190850909143961590e-04 1.155475527048110962e-02 8.990569767775014043e-05 9.883553385734558105e-01 1.800146875000000000e+04
2.280000000000000071e+01 3.129664943259850247e+02 4.202243979394264402e-04 1.266237162053585052e-02 1.337850699201226234e-04 9.872038364410400391e-01 1.798080664062500000e+04
2.285999999999999943e+01 3.129735076185039020e+02 4.113109745236480483e-04 1.458471454679965973e-02 9.064452024176716805e-05 9.853246212005615234e-01 1.801667187500000000e+04
2.291999999999999815e+01 3.129804516021217182e+02 4.051140174748279923e-04 1.459347363561391830e-02 9.154925646726042032e-05 9.853149652481079102e-01 1.796649023437500000e+04
2.298000000000000043e+01 3.129873681265270875e+02 4.014049313822567544e-04 1.442248187959194183e-02 0.000000000000000000e+00 9.855774641036987305e-01 1.795762890625000000e+04
2.303999999999999915e+01 3.129942099540602953e+02 3.950017830319374891e-04 1.314509008079767227e-02 9.291619062423706055e-05 9.867619872093200684e-01 1.790476953125000000e+04
2.309999999999999787e+01 3.130009813081892958e+02 3.889022988795571689e-04 1.323513127863407135e-02 4.694161179941147566e-05 9.867178797721862793e-01 1.788965625000000000e+04
2.316000000000000014e+01 3.130076649310158814e+02 3.818746605606034321e-04 1.336147915571928024e-02 2.853466721717268229e-04 9.863532185554504395e-01 1.787766406250000000e+04
2.321999999999999886e+01 3.130143833093055150e+02 3.818766739893833615e-04 1.456503011286258698e-02 1.419352774973958731e-04 9.852930307388305664e-01 1.789220312500000000e+04
2.327999999999999758e+01 3.130209954390729763e+02 3.739001417956277920e-04 1.379331015050411224e-02 1.442159991711378098e-04 9.860625267028808594e-01 1.784731054687500000e+04
2.333999999999999986e+01 3.130275566118226038e+02 3.691110975165385558e-04 1.312818843871355057e-02 9.689068974694237113e-05 9.867749810218811035e-01 1.780489648437500000e+04
2.339999999999999858e+01 3.130340036032297917e+02 3.608276792382894538e-04 1.316421758383512497e-02 1.479100610595196486e-04 9.866878390312194824e-01 1.781348242187500000e+04
2.346000000000000085e+01 3.130405188529122711e+02 3.627827814736616849e-04 1.370677910745143890e-02 0.000000000000000000e+00 9.862931966781616211e-01 1.779376757812500000e+04
2.351999999999999957e+01 3.130469278288193777e+02 3.550444975022300025e-04 1.259995158761739731e-02 1.487873960286378860e-04 9.872512817382812500e-01 1.775262695312500000e+04
2.357999999999999829e+01 3.130532484316132695e+02 3.483668791850739370e-04 1.217489223927259445e-02 1.005784652079455554e-04 9.877244830131530762e-01 1.775417578125000000e+04
2.364000000000000057e+01 3.130595339420767118e+02 3.446741893525636312e-04 1.380471233278512955e-02 2.022800035774707794e-04 9.859930276870727539e-01 1.774759179687500000e+04
2.369999999999999929e+01 3.130657928528872844e+02 3.414777659917939438e-04 1.123237330466508865e-02 2.031396725215017796e-04 9.885644316673278809e-01 1.769386132812500000e+04
2.375999999999999801e+01 3.130720124945939915e+02 3.376214854594210605e-04 1.257618516683578491e-02 5.110555866849608719e-05 9.873726963996887207e-01 1.769684765625000000e+04
2.382000000000000028e+01 3.130781352605039274e+02 3.306883980095022980e-04 1.293033268302679062e-02 1.038283298839814961e-04 9.869657754898071289e-01 1.767401562500000000e+04
2.387999999999999901e+01 3.130842220016234023e+02 3.270907420088831974e-04 1.071765366941690445e-02 0.000000000000000000e+00 9.892824292182922363e-01 1.757609960937500000e+04
2.393999999999999773e+01 3.130902967046202434e+02 3.248075280023058676e-04 1.157298125326633453e-02 2.616245474200695753e-04 9.881654381752014160e-01 1.762115625000000000e+04
2.400000000000000000e+01 3.130962470640313313e+02 3.165682247459035100e-04 1.346463710069656372e-02 0.000000000000000000e+00 9.865354299545288086e-01 1.759987500000000000e+04
2.405999999999999872e+01 3.131022640912465818e+02 3.185184734359388379e-04 1.184180472046136856e-02 1.056529290508478880e-04 9.880524873733520508e-01 1.756871679687500000e+04
2.411999999999999744e+01 3.131081527091211001e+02 3.101701252525480455e-04 1.134714018553495407e-02 1.079568319255486131e-04 9.885449409484863281e-01 1.756424414062500000e+04
2.417999999999999972e+01 3.131140265534342007e+02 3.078565192618012698e-04 1.266959682106971741e-02 5.411418169387616217e-05 9.872762560844421387e-01 1.749714453125000000e+04
2.423999999999999844e+01 3.131198861640312998e+02 3.055901640511207848e-04 1.118713524192571640e-02 5.424563278211280704e-05 9.887586236000061035e-01 1.751120507812500000e+04
2.430000000000000071e+01 3.131255558024288916e+02 2.942225832231415645e-04 1.245566271245479584e-02 0.000000000000000000e+00 9.875442981719970703e-01 1.748842382812500000e+04
2.435999999999999943e+01 3.131313489582058196e+02 2.991515006948644172e-04 1.175277866423130035e-02 5.486789814312942326e-05 9.881923198699951172e-01 1.746040039062500000e+04
2.441999999999999815e+01 3.131370316195983037e+02 2.920037146780342981e-04 1.030949316918849945e-02 1.678042754065245390e-04 9.895227551460266113e-01 1.740130664062500000e+04
2.448000000000000043e+01 3.131426731136133981e+02 2.884673094761727036e-04 1.105832774192094803e-02 5.634292392642237246e-05 9.888852834701538086e-01 1.744106054687500000e+04
2.453999999999999915e+01 3.131483085754641706e+02 2.867497789721385718e-04 1.123874541372060776e-02 0.000000000000000000e+00 9.887613058090209961e-01 1.744425195312500000e+04
2.459999999999999787e+01 3.131538595774849227e+02 2.810743879673603587e-04 1.152384281158447266e-02 1.717842678772285581e-04 9.883043766021728516e-01 1.740728906250000000e+04
2.466000000000000014e+01 3.131593343064565715e+02 2.758633480181691853e-04 1.075889542698860168e-02 1.161183608928695321e-04 9.891250729560852051e-01 1.737253320312500000e+04
2.471999999999999886e+01 3.131647839662106776e+02 2.732671400982985741e-04 1.179625093936920166e-02 5.832625902257859707e-05 9.881453514099121094e-01 1.740669531250000000e+04
2.477999999999999758e+01 3.131702137603228380e+02 2.709524984830184030e-04 1.213102042675018311e-02 0.000000000000000000e+00 9.878690838813781738e-01 1.743385742187500000e+04
2.483999999999999986e+01 3.131755684978247700e+02 2.659162408322792424e-04 1.153224334120750427e-02 1.187203961308114231e-04 9.883491396903991699e-01 1.741012890625000000e+04
2.489999999999999858e+01 3.131809353115672252e+02 2.652315351730599974e-04 1.239139307290315628e-02 5.922662603552453220e-05 9.875493645668029785e-01 1.737920507812500000e+04
2.496000000000000085e+01 3.131862548647792437e+02 2.616319679589066208e-04 1.285866741091012955e-02 5.975281601422466338e-05 9.870814681053161621e-01 1.740250195312500000e+04
2.501999999999999957e+01 3.131914446835755257e+02 2.540270066923692462e-04 1.244787778705358505e-02 6.124650826677680016e-05 9.874908924102783203e-01 1.740132226562500000e+04
2.507999999999999829e+01 3.131966551861201538e+02 2.538191359281471190e-04 1.209458056837320328e-02 1.830101537052541971e-04 9.877225160598754883e-01 1.734812109375000000e+04
2.514000000000000057e+01 3.132018130130041982e+02 2.500538504787343393e-04 1.184971537441015244e-02 6.162639328977093101e-05 9.880885481834411621e-01 1.738049218750000000e+04
2.519999999999999929e+01 3.132069762712184797e+02 2.491251796636169348e-04 1.159191876649856567e-02 6.156157178338617086e-05 9.883464574813842773e-01 1.735137109375000000e+04
2.525999999999999801e+01 3.132120867370360315e+02 2.454065777070304219e-04 1.121593359857797623e-02 6.219751230673864484e-05 9.887219071388244629e-01 1.732329882812500000e+04
2.532000000000000028e+01 3.132171224125924596e+02 2.406690788927371739e-04 1.194849517196416855e-02 6.312127516139298677e-05 9.879884123802185059e-01 1.735044335937500000e+04
2.537999999999999901e+01 3.132221001450652125e+02 2.367749964493682830e-04 1.106967870146036148e-02 1.277120754821226001e-04 9.888025522232055664e-01 1.732660546875000000e+04
2.543999999999999773e+01 3.132270722503767502e+02 2.353917316412376627e-04 1.178280729800462723e-02 6.392830982804298401e-05 9.881533384323120117e-01 1.732264062500000000e+04
2.550000000000000000e+01 3.132319706575062241e+02 2.308113731875899169e-04 1.073175016790628433e-02 6.489013321697711945e-05 9.892032742500305176e-01 1.729953125000000000e+04
2.555999999999999872e+01 3.132369652319151783e+02 2.342378510788495534e-04 1.027150079607963562e-02 0.000000000000000000e+00 9.897285699844360352e-01 1.730981445312500000e+04
2.561999999999999744e+01 3.132418338651200997e+02 2.272619365190184544e-04 1.105755846947431564e-02 6.528696394525468349e-05 9.888771176338195801e-01 1.726459960937500000e+04
2.567999999999999972e+01 3.132466132565991757e+02 2.220537363015583760e-04 9.541293606162071228e-03 6.650601426372304559e-05 9.903921484947204590e-01 1.722144531250000000e+04
2.573999999999999844e+01 3.132514118938271963e+02 2.219085244221446975e-04 1.036093756556510925e-02 0.000000000000000000e+00 9.896391034126281738e-01 1.719128515625000000e+04
2.580000000000000071e+01 3.132561906344424187e+02 2.199605727542596845e-04 9.873932227492332458e-03 1.330301456619054079e-04 9.899929761886596680e-01 1.721698046875000000e+04
2.585999999999999943e+01 3.132609593028679456e+02 2.184784145540710342e-04 1.055886689573526382e-02 0.000000000000000000e+00 9.894412159919738770e-01 1.720833007812500000e+04
2.591999999999999815e+01 3.132656930166641018e+02 2.158728963229953539e-04 1.130582019686698914e-02 1.342955220025032759e-04 9.885599017143249512e-01 1.720290625000000000e+04
2.598000000000000043e+01 3.132703520883827082e+02 2.114875932462707147e-04 1.039942633360624313e-02 6.822351861046627164e-05 9.895323514938354492e-01 1.719236523437500000e+04
2.603999999999999915e+01 3.132749133956800165e+02 2.060956625945955351e-04 1.180258020758628845e-02 0.000000000000000000e+00 9.881975054740905762e-01 1.715286914062500000e+04
2.609999999999999787e+01 3.132795857672250577e+02 2.101432929515757958e-04 9.963165037333965302e-03 0.000000000000000000e+00 9.900368452072143555e-01 1.708150781250000000e+04
2.616000000000000014e+01 3.132842125058757574e+02 2.071363766636652817e-04 1.122499722987413406e-02 6.870029028505086899e-05 9.887062907218933105e-01 1.716925585937500000e+04
2.621999999999999886e+01 3.132886931317840435e+02 1.996769415622826538e-04 1.144968904554843903e-02 0.000000000000000000e+00 9.885503649711608887e-01 1.709377539062500000e+04
2.627999999999999758e+01 3.132932386048882449e+02 2.016418646393618337e-04 1.100766751915216446e-02 6.992853741394355893e-05 9.889224171638488770e-01 1.709234960937500000e+04
2.633999999999999986e+01 3.132977653792360115e+02 1.998975074188212759e-04 1.119305193424224854e-02 7.021738565526902676e-05 9.887367486953735352e-01 1.710151367187500000e+04
2.639999999999999858e+01 3.133022333128225227e+02 1.964023495897623925e-04 1.020641345530748367e-02 0.000000000000000000e+00 9.897934794425964355e-01 1.701171093750000000e+04
2.645999999999999730e+01 3.133066904371136161e+02 1.950386351751991925e-04 1.115481182932853699e-02 7.131465099519118667e-05 9.887738227844238281e-01 1.707714453125000000e+04
2.651999999999999957e+01 3.133110763318358636e+02 1.910532885788911726e-04 1.104715839028358459e-02 1.449456904083490372e-04 9.888079166412353516e-01 1.703968164062500000e+04
2.657999999999999829e+01 3.133154407814039928e+02 1.892607953655495048e-04 1.081120502203702927e-02 7.282895239768549800e-05 9.891158938407897949e-01 1.700474414062500000e+04
2.664000000000000057e+01 3.133198001427032295e+02 1.881886159907412927e-04 1.082382444292306900e-02 2.187418722314760089e-04 9.889574050903320312e-01 1.704419531250000000e+04
2.669999999999999929e+01 3.133241306410968150e+02 1.861024473188538884e-04 9.360292926430702209e-03 1.467998517910018563e-04 9.904928207397460938e-01 1.699160546875000000e+04
2.675999999999999801e+01 3.133284301429329162e+02 1.839418101072225350e-04 9.575082920491695404e-03 7.392909174086526036e-05 9.903510808944702148e-01 1.694573632812500000e+04
2.682000000000000028e+01 3.133327110089070970e+02 1.823250911644467057e-04 1.102229300886392593e-02 0.000000000000000000e+00 9.889776110649108887e-01 1.701199023437500000e+04
2.687999999999999901e+01 3.133369611060785473e+02 1.802065265584990353e-04 1.199621893465518951e-02 0.000000000000000000e+00 9.880039095878601074e-01 1.698418359375000000e+04
2.693999999999999773e+01 3.133411719789346535e+02 1.777481011863929570e-04 9.851820766925811768e-03 7.548512803623452783e-05 9.900726079940795898e-01 1.696439257812500000e+04
2.700000000000000000e+01 3.133453075755258510e+02 1.737946942015268937e-04 1.133289560675621033e-02 0.000000000000000000e+00 9.886670708656311035e-01 1.693431250000000000e+04
2.705999999999999872e+01 3.133494652871941071e+02 1.739492319836614855e-04 1.127261575311422348e-02 0.000000000000000000e+00 9.887272715568542480e-01 1.691466796875000000e+04
2.711999999999999744e+01 3.133536413745692926e+02 1.739449425448750619e-04 1.137467566877603531e-02 0.000000000000000000e+00 9.886253476142883301e-01 1.693216015625000000e+04
2.717999999999999972e+01 3.133577872663401536e+02 1.719248020627932728e-04 1.107560377568006516e-02 0.000000000000000000e+00 9.889243841171264648e-01 1.692085937500000000e+04
2.723999999999999844e+01 3.133618291642651457e+02 1.668739319319766838e-04 1.159561332315206528e-02 7.864084909670054913e-05 9.883256554603576660e-01 1.693824414062500000e+04
2.730000000000000071e+01 3.133659102074107068e+02 1.677494682546041410e-04 1.039802655577659607e-02 7.788652874296531081e-05 9.895241260528564453e-01 1.687328125000000000e+04
2.735999999999999943e+01 3.133699371597670620e+02 1.648000999011882276e-04 1.140273083001375198e-02 0.000000000000000000e+00 9.885972738265991211e-01 1.688574414062500000e+04
2.741999999999999815e+01 3.133739252137165749e+02 1.624939528698596941e-04 1.024344470351934433e-02 7.970260048750787973e-05 9.896768331527709961e-01 1.686572070312500000e+04
2.748000000000000043e+01 3.133779531237862557e+02 1.634012265298173683e-04 1.092829462140798569e-02 0.000000000000000000e+00 9.890717267990112305e-01 1.687229882812500000e+04
2.753999999999999915e+01 3.133819398855374629e+02 1.610272392209577148e-04 1.032619737088680267e-02 7.972843741299584508e-05 9.895940423011779785e-01 1.683140039062500000e+04
2.759999999999999787e+01 3.133858453190858313e+02 1.570565184551695923e-04 9.324937127530574799e-03 0.000000000000000000e+00 9.906750917434692383e-01 1.682884765625000000e+04
2.766000000000000014e+01 3.133897795547894702e+02 1.575283963442857470e-04 1.014209073036909103e-02 1.615857763681560755e-04 9.896963238716125488e-01 1.681823632812500000e+04
2.771999999999999886e+01 3.133936656985150080e+02 1.549291699722898984e-04 9.941646829247474670e-03 2.453781780786812305e-04 9.898129701614379883e-01 1.680838085937500000e+04
2.777999999999999758e+01 3.133975334381834728e+02 1.535293840719327725e-04 7.614528760313987732e-03 1.643638388486579061e-04 9.922211170196533203e-01 1.674447265625000000e+04
2.783999999999999986e+01 3.134014268455211436e+02 1.538821033506057037e-04 9.272404015064239502e-03 1.632802595850080252e-04 9.905643463134765625e-01 1.677050781250000000e+04
2.789999999999999858e+01 3.134052437279930814e+02 1.502087041161875110e-04 9.043468162417411804e-03 0.000000000000000000e+00 9.909564852714538574e-01 1.674633398437500000e+04
2.795999999999999730e+01 3.134090311788872896e+02 1.484107600939709695e-04 9.949865750968456268e-03 8.392406743951141834e-05 9.899662137031555176e-01 1.676931054687500000e+04
2.801999999999999957e+01 3.134128628122880400e+02 1.494990401104119939e-04 9.752486832439899445e-03 0.000000000000000000e+00 9.902474284172058105e-01 1.675017578125000000e+04
2.807999999999999829e+01 3.134166018074161002e+02 1.452611304207513645e-04 9.316548705101013184e-03 8.501168485963717103e-05 9.905984401702880859e-01 1.675661718750000000e+04
2.814000000000000057e+01 3.134203936359177192e+02 1.466855209537553360e-04 9.687832556664943695e-03 0.000000000000000000e+00 9.903121590614318848e-01 1.675161328125000000e+04
2.819999999999999929e+01 3.134240658393583203e+02 1.414533678663242239e-04 9.744713082909584045e-03 1.731158263282850385e-04 9.900822043418884277e-01 1.672666015625000000e+04
2.825999999999999801e+01 3.134277883041643236e+02 1.427805654854282435e-04 9.017634205520153046e-03 0.000000000000000000e+00 9.909822940826416016e-01 1.672134375000000000e+04
2.832000000000000028e+01 3.134314813428720186e+02 1.410516656280034825e-04 1.028998568654060364e-02 0.000000000000000000e+00 9.897100329399108887e-01 1.680248046875000000e+04
2.837999999999999901e+01 3.134351241592851807e+02 1.385451774182211828e-04 7.563089486211538315e-03 8.725618681637570262e-05 9.923496246337890625e-01 1.666529492187500000e+04
2.843999999999999773e+01 3.134388235398654956e+02 1.401027953855620955e-04 7.961066439747810364e-03 0.000000000000000000e+00 9.920389056205749512e-01 1.667718750000000000e+04
2.850000000000000000e+01 3.134424184470285581e+02 1.355729360135459773e-04 9.513786062598228455e-03 0.000000000000000000e+00 9.904862642288208008e-01 1.670968750000000000e+04
2.855999999999999872e+01 3.134460668551055846e+02 1.370124783605694400e-04 9.200677275657653809e-03 8.712245471542701125e-05 9.907122254371643066e-01 1.670819921875000000e+04
2.861999999999999744e+01 3.134496144307435088e+02 1.326672145062794878e-04 8.748060092329978943e-03 8.959873230196535587e-05 9.911623597145080566e-01 1.669556250000000000e+04
2.867999999999999972e+01 3.134531995951988392e+02 1.335119342258621734e-04 8.479681797325611115e-03 0.000000000000000000e+00 9.915203452110290527e-01 1.668051562500000000e+04
2.873999999999999844e+01 3.134567461661907259e+02 1.315232498768136385e-04 9.554158896207809448e-03 1.792482216842472553e-04 9.902666211128234863e-01 1.667219921875000000e+04
2.879999999999999716e+01 3.134603315953274887e+02 1.324102724765837368e-04 8.390730246901512146e-03 0.000000000000000000e+00 9.916092753410339355e-01 1.668337695312500000e+04
2.885999999999999943e+01 3.134638385779777536e+02 1.289747197442340360e-04 7.856026291847229004e-03 0.000000000000000000e+00 9.921440482139587402e-01 1.664076757812500000e+04
2.891999999999999815e+01 3.134673759382454818e+02 1.295521040299753442e-04 9.041894227266311646e-03 0.000000000000000000e+00 9.909581542015075684e-01 1.666449023437500000e+04
2.898000000000000043e+01 3.134708319371953280e+02 1.260482229473227635e-04 8.613339625298976898e-03 9.197290637530386448e-05 9.912946820259094238e-01 1.664969531250000000e+04
2.903999999999999915e+01 3.134742956278694237e+02 1.258067388880625592e-04 1.051419600844383240e-02 9.176867024507373571e-05 9.893940687179565430e-01 1.668735546875000000e+04
2.909999999999999787e+01 3.134777595524923868e+02 1.252964113021624686e-04 7.679415401071310043e-03 0.000000000000000000e+00 9.923205375671386719e-01 1.668294921875000000e+04
2.916000000000000014e+01 3.134811950489924470e+02 1.237567240439795967e-04 8.941277861595153809e-03 0.000000000000000000e+00 9.910587668418884277e-01 1.667876562500000000e+04
2.921999999999999886e+01 3.134846115210658581e+02 1.225659820295329583e-04 8.156844414770603180e-03 0.000000000000000000e+00 9.918431639671325684e-01 1.663978906250000000e+04
2.927999999999999758e+01 3.134880349896874918e+02 1.223136357071728352e-04 7.030149456113576889e-03 0.000000000000000000e+00 9.929698109626770020e-01 1.664976367187500000e+04
2.933999999999999986e+01 3.134913831160525888e+02 1.191325586238702896e-04 8.134182542562484741e-03 0.000000000000000000e+00 9.918658137321472168e-01 1.668324414062500000e+04
2.939999999999999858e+01 3.134947942180226619e+02 1.208779469603639119e-04 7.241310551762580872e-03 0.000000000000000000e+00 9.927587509155273438e-01 1.665519531250000000e+04
2.945999999999999730e+01 3.134981873156975780e+02 1.197501604471091683e-04 7.653055246919393539e-03 0.000000000000000000e+00 9.923470020294189453e-01 1.667997070312500000e+04
2.951999999999999957e+01 3.135014929967812805e+02 1.161907820155202081e-04 8.142828010022640228e-03 0.000000000000000000e+00 9.918571114540100098e-01 1.669810546875000000e+04
2.957999999999999829e+01 3.135048069692320496e+02 1.160096699385428261e-04 8.122455328702926636e-03 0.000000000000000000e+00 9.918775558471679688e-01 1.664669726562500000e+04
2.964000000000000057e+01 3.135080905183239111e+02 1.144793005756608367e-04 8.583488874137401581e-03 9.680326911620795727e-05 9.913197159767150879e-01 1.671241406250000000e+04
2.969999999999999929e+01 3.135113950082219390e+02 1.147438994773751871e-04 7.954099215567111969e-03 9.618981857784092426e-05 9.919497370719909668e-01 1.669748046875000000e+04
2.975999999999999801e+01 3.135146805263436818e+02 1.136251103909272585e-04 7.228941656649112701e-03 0.000000000000000000e+00 9.927710890769958496e-01 1.666693945312500000e+04
2.982000000000000028e+01 3.135179761035521437e+02 1.135143468193435462e-04 9.609169326722621918e-03 0.000000000000000000e+00 9.903908371925354004e-01 1.671005468750000000e+04
2.987999999999999901e+01 3.135212112671578097e+02 1.109859102272030404e-04 7.928775623440742493e-03 0.000000000000000000e+00 9.920712113380432129e-01 1.667981250000000000e+04
2.993999999999999773e+01 3.135244698273180575e+02 1.113405055110170940e-04 7.483112625777721405e-03 1.950912410393357277e-04 9.923217892646789551e-01 1.663696875000000000e+04
3.000000000000000000e+01 3.135276642521349117e+02 1.087124935286258701e-04 7.930757477879524231e-03 9.950406820280477405e-05 9.919697046279907227e-01 1.665103125000000000e+04
